# Created by Octave 3.6.4, Sat Mar 08 15:08:04 2014 CET <exp@Einzelzelle>
# name: PMs
# type: cell
# rows: 6
# columns: 6
# name: <cell-element>
# type: scalar struct
# ndims: 2
 1 1
# length: 33
# name: priorAlphaRange
# type: range
# base, limit, increment
0 2.5 0.1


# name: prior
# type: matrix
# rows: 1
# columns: 26
 0.03846153846153846 0.03846153846153846 0.03846153846153846 0.03846153846153846 0.03846153846153846 0.03846153846153846 0.03846153846153846 0.03846153846153846 0.03846153846153846 0.03846153846153846 0.03846153846153846 0.03846153846153846 0.03846153846153846 0.03846153846153846 0.03846153846153846 0.03846153846153846 0.03846153846153846 0.03846153846153846 0.03846153846153846 0.03846153846153846 0.03846153846153846 0.03846153846153846 0.03846153846153846 0.03846153846153846 0.03846153846153846 0.03846153846153846


# name: pdf
# type: matrix
# rows: 1
# columns: 26
 1.245180039989688e-07 1.573245486538545e-07 2.184241031800368e-07 3.388772327902036e-07 5.959185629807012e-07 1.199083893168971e-06 2.766292725549999e-06 7.259428736127292e-06 2.126274312139735e-05 6.747363908197171e-05 0.0002231833384576462 0.0007362155485011451 0.002314856850597843 0.006655578744941344 0.01691005932842772 0.03702881834873064 0.06879156815608387 0.1076166253450371 0.1416604692077176 0.1576061208667141 0.1494293853246588 0.1220615321341027 0.08699770189308567 0.05485162464274147 0.03103258976666222 0.01598227425353045


# name: mode
# type: scalar
1.9


# name: mean
# type: scalar
1.926396704853871


# name: sd
# type: scalar
0.2493173657611179


# name: modeUniformPrior
# type: scalar
1.9


# name: meanUniformPrior
# type: scalar
1.926396704853872


# name: sdUniformPrior
# type: scalar
0.2493173657611179


# name: response
# type: matrix
# rows: 1
# columns: 32
 0 0 1 0 0 1 0 0 1 1 1 0 1 1 1 1 1 1 1 0 0 1 1 1 1 1 1 1 1 1 1 0


# name: stopCriterion
# type: sq_string
# elements: 1
# length: 6
trials


# name: stopRule
# type: scalar
32


# name: stop
# type: scalar
1


# name: PF
# type: function handle
# octaveroot: /usr
# path: /home/exp/sc/palamedes1_5_0/Palamedes/PAL_Gumbel.m
PAL_Gumbel


# name: beta
# type: scalar
0.5


# name: gamma
# type: scalar
0.1666666666666667


# name: lambda
# type: scalar
0.05


# name: xMin
# type: scalar
0


# name: xMax
# type: scalar
2.5


# name: direction
# type: scalar
1


# name: reversal
# type: matrix
# rows: 1
# columns: 32
 0 0 1 2 0 3 4 0 5 0 0 6 7 0 0 0 0 0 0 8 0 9 0 0 0 0 0 0 0 0 0 10


# name: meanmode
# type: sq_string
# elements: 1
# length: 4
mean


# name: xCurrent
# type: scalar
1.926396704853871


# name: x
# type: matrix
# rows: 1
# columns: 32
 1.250000000000001 1.690097790025086 2.5 1.358281151161115 2.048638795094425 2.171590853385336 2.130263575341186 2.21967003074106 2.281291687462993 2.017457002775293 2.5 1.915716397665335 2.5 1.968658431398737 2.204990702936436 2.176782732932494 2.5 2.122353383365664 2.5 1.627822084744659 1.72273014372306 2.155301236134626 2.5 2.105391366459439 2.0753391774267 2.5 2.022770413156553 1.482227118862145 1.407195690666528 1.915405249369789 2.5 1.863978351229731


# name: xStaircase
# type: matrix
# rows: 1
# columns: 33
 1.250000000000001 1.690097790025086 1.978764206990401 1.929140575580557 2.048638795094425 2.171590853385336 2.130263575341186 2.21967003074106 2.281291687462993 2.258728501387647 2.230173893165085 2.207858198832668 2.253916410653082 2.234329215699368 2.204990702936436 2.176782732932494 2.146424732430658 2.122353383365664 2.088763869499152 2.06391104237233 2.11136507186153 2.155301236134626 2.127118843601767 2.105391366459439 2.0753391774267 2.044378865862662 2.022770413156553 1.991113559431072 1.953597845333264 1.915405249369789 1.8825538352526 1.863978351229731 1.926396704853871


# name: stimulus
# type: sq_string
# elements: 1
# length: 4
fish


# name: thc_type
# type: matrix
# rows: 1
# columns: 32
 0.5 0.5 2 0 1 0.5 0.5 1 1 0 2 0 2 0 1 0.5 2 1 2 0 0 0.5 2 1 1 2 1 0 0 0.5 2 0.5


# name: run
# type: matrix
# rows: 1
# columns: 32
 1 1 1 1 1 1 1 1 1 1 1 1 1 1 1 1 1 1 1 1 1 1 1 1 1 1 1 1 1 1 1 1


# name: noise_variance
# type: matrix
# rows: 1
# columns: 32
 1.249999999999999 0.8099022099749138 0 1.141718848838885 0.4513612049055746 0.3284091466146641 0.3697364246588135 0.2803299692589403 0.2187083125370073 0.4825429972247068 0 0.5842836023346649 0 0.5313415686012632 0.2950092970635643 0.323217267067506 0 0.377646616634336 0 0.8721779152553406 0.7772698562769396 0.3446987638653742 0 0.3946086335405612 0.4246608225733004 0 0.4772295868434471 1.017772881137855 1.092804309333472 0.5845947506302107 0 0.6360216487702686


# name: response_obj
# type: matrix
# rows: 1
# columns: 32
 0 0 1 0 0 1 0 0 1 1 1 0 1 1 1 1 1 1 1 0 0 1 1 1 1 1 1 1 1 1 1 0


# name: response_obj_rt
# type: matrix
# rows: 1
# columns: 32
 1557.442903518677 1631.757020950317 1946.401834487915 1243.934869766235 570.5709457397461 1328.186988830566 2042.61302947998 2705.711126327515 1472.885131835938 2403.404951095581 829.8671245574951 933.0489635467529 777.1449089050293 461.7009162902832 1601.441144943237 387.2261047363281 301.1159896850586 571.566104888916 1479.310035705566 544.1761016845703 1698.170900344849 409.8260402679443 467.5600528717041 323.1580257415771 570.3771114349365 352.1509170532227 305.9911727905273 133.4850788116455 288.672924041748 150.7501602172852 0.8459091186523438 651.9300937652588


# name: response_suj
# type: matrix
# rows: 1
# columns: 32
 0 0 1 0 0 1 1 1 1 0 1 0 1 1 1 1 1 1 1 0 0 1 1 1 1 1 1 1 1 1 1 0


# name: response_suj_rt
# type: matrix
# rows: 1
# columns: 32
 398.5080718994141 438.0018711090088 570.1119899749756 1019.1650390625 1001.728057861328 920.8958148956299 398.0879783630371 271.2349891662598 374.8469352722168 190.9708976745605 659.4791412353516 110.3050708770752 602.0588874816895 571.422815322876 466.8509960174561 358.0949306488037 340.6720161437988 857.8178882598877 283.3030223846436 357.6169013977051 196.6719627380371 595.5021381378174 588.6960029602051 3452.778816223145 265.8181190490723 2472.292184829712 363.724946975708 179.4228553771973 357.5401306152344 220.1318740844727 24.02186393737793 340.5768871307373




# name: <cell-element>
# type: scalar struct
# ndims: 2
 1 1
# length: 33
# name: priorAlphaRange
# type: range
# base, limit, increment
0 2.5 0.1


# name: prior
# type: matrix
# rows: 1
# columns: 26
 0.03846153846153846 0.03846153846153846 0.03846153846153846 0.03846153846153846 0.03846153846153846 0.03846153846153846 0.03846153846153846 0.03846153846153846 0.03846153846153846 0.03846153846153846 0.03846153846153846 0.03846153846153846 0.03846153846153846 0.03846153846153846 0.03846153846153846 0.03846153846153846 0.03846153846153846 0.03846153846153846 0.03846153846153846 0.03846153846153846 0.03846153846153846 0.03846153846153846 0.03846153846153846 0.03846153846153846 0.03846153846153846 0.03846153846153846


# name: pdf
# type: matrix
# rows: 1
# columns: 26
 7.40639243832878e-10 1.051001960969046e-09 1.601653798263424e-09 2.718916041148516e-09 5.32941115043386e-09 1.240939970097899e-08 3.482695011617207e-08 1.173638604939286e-07 4.638275761227081e-07 2.062132604509091e-06 9.767596906447071e-06 4.643558487754447e-05 0.0002092645757276422 0.0008515740959874706 0.003015588065447139 0.009063483229857673 0.02279243352238019 0.04769171575290396 0.08312605751268157 0.1214185213249746 0.1500360138141333 0.1587034096846655 0.1456159323841992 0.1175351604584079 0.08466602504669467 0.05521591534814194


# name: mode
# type: scalar
2.1


# name: mean
# type: scalar
2.082377659506275


# name: sd
# type: scalar
0.2344912062755803


# name: modeUniformPrior
# type: scalar
2.1


# name: meanUniformPrior
# type: scalar
2.082377659506275


# name: sdUniformPrior
# type: scalar
0.2344912062755803


# name: response
# type: matrix
# rows: 1
# columns: 32
 0 0 0 0 1 0 1 0 1 1 1 1 1 1 1 1 1 0 1 0 0 0 0 1 1 0 1 1 1 1 0 1


# name: stopCriterion
# type: sq_string
# elements: 1
# length: 6
trials


# name: stopRule
# type: scalar
32


