# Created by Octave 3.6.4, Sat Mar 08 15:46:01 2014 CET <exp@Einzelzelle>
# name: PMs
# type: cell
# rows: 6
# columns: 6
# name: <cell-element>
# type: scalar struct
# ndims: 2
 1 1
# length: 33
# name: priorAlphaRange
# type: range
# base, limit, increment
0 2.5 0.1


# name: prior
# type: matrix
# rows: 1
# columns: 26
 0.03846153846153846 0.03846153846153846 0.03846153846153846 0.03846153846153846 0.03846153846153846 0.03846153846153846 0.03846153846153846 0.03846153846153846 0.03846153846153846 0.03846153846153846 0.03846153846153846 0.03846153846153846 0.03846153846153846 0.03846153846153846 0.03846153846153846 0.03846153846153846 0.03846153846153846 0.03846153846153846 0.03846153846153846 0.03846153846153846 0.03846153846153846 0.03846153846153846 0.03846153846153846 0.03846153846153846 0.03846153846153846 0.03846153846153846


# name: pdf
# type: matrix
# rows: 1
# columns: 26
 9.349053794509923e-16 1.840277630003178e-15 4.773174599432969e-15 1.676379420942825e-14 7.996875002664312e-14 5.070698161250298e-13 4.092091321427472e-12 3.956834910289266e-11 4.26994142918332e-10 4.771958768191107e-09 5.143053196642096e-08 5.026337682936075e-07 4.245044600855276e-06 2.995208807996843e-05 0.0001729281053871013 0.000808780680401613 0.003058608636289552 0.009391930600342087 0.02361408165354052 0.04916619548628041 0.08588933747667381 0.1276910635701391 0.1639572311289084 0.1845426698250158 0.1847650197290066 0.1669073966678092


# name: mode
# type: scalar
2.4


# name: mean
# type: scalar
2.244069581920514


# name: sd
# type: scalar
0.1980316027697858


# name: modeUniformPrior
# type: scalar
2.4


# name: meanUniformPrior
# type: scalar
2.244069581920514


# name: sdUniformPrior
# type: scalar
0.1980316027697858


# name: response
# type: matrix
# rows: 1
# columns: 32
 0 1 0 0 0 1 0 1 0 0 1 1 0 1 0 0 0 0 0 1 0 0 0 1 1 1 0 1 1 1 1 1


# name: stopCriterion
# type: sq_string
# elements: 1
# length: 6
trials


# name: stopRule
# type: scalar
32


# name: stop
# type: scalar
1


# name: PF
# type: function handle
# octaveroot: /usr
# path: /home/exp/sc/palamedes1_5_0/Palamedes/PAL_Gumbel.m
PAL_Gumbel


# name: beta
# type: scalar
0.5


# name: gamma
# type: scalar
0.1666666666666667


# name: lambda
# type: scalar
0.05


# name: xMin
# type: scalar
0


# name: xMax
# type: scalar
2.5


# name: direction
# type: scalar
-1


# name: reversal
# type: matrix
# rows: 1
# columns: 32
 0 1 2 0 0 3 4 5 6 0 7 0 8 9 10 0 0 0 0 11 12 0 0 13 0 0 14 15 0 0 0 0


# name: meanmode
# type: sq_string
# elements: 1
# length: 4
mean


# name: xCurrent
# type: scalar
2.244069581920514


# name: x
# type: matrix
# rows: 1
# columns: 32
 1.352793409707743 1.639595057280807 1.352793409707743 1.352793409707743 1.639595057280807 1.926396704853871 1.639595057280807 2.5 1.639595057280807 1.926396704853871 2.5 2.5 1.639595057280807 2.5 1.352793409707743 1.926396704853871 1.639595057280807 1.926396704853871 1.352793409707743 1.639595057280807 1.926396704853871 1.639595057280807 1.352793409707743 2.5 2.5 1.352793409707743 1.352793409707743 2.5 2.5 1.926396704853871 1.926396704853871 1.926396704853871


# name: xStaircase
# type: matrix
# rows: 1
# columns: 33
 1.352793409707743 1.713938840459138 1.554478421135446 1.834013848113692 1.983134601965409 2.09779517859473 2.038046669412024 2.124486667299549 2.091997236780615 2.157551001094165 2.220441902481301 2.19695114916085 2.172365812348915 2.213851694074038 2.191393753944901 2.218554053387841 2.259570071155755 2.284268863333299 2.311948656572337 2.324652245940579 2.306228285034266 2.329366513841688 2.343867965593077 2.353308156893812 2.342779465654925 2.331597257093007 2.315574909798183 2.326844668839988 2.31480361762906 2.302130433772793 2.284128213248544 2.264764864008587 2.244069581920514


# name: stimulus
# type: sq_string
# elements: 1
# length: 4
fish


# name: thc_type
# type: matrix
# rows: 1
# columns: 32
 0 0.5 0 0 0.5 1 0.5 2 0.5 1 2 2 0.5 2 0 1 0.5 1 0 0.5 1 0.5 0 2 2 0 0 2 2 1 1 1


# name: run
# type: matrix
# rows: 1
# columns: 32
 2 2 2 2 2 2 2 2 2 2 2 2 2 2 2 2 2 2 2 2 2 2 2 2 2 2 2 2 2 2 2 2


# name: noise_variance
# type: matrix
# rows: 1
# columns: 32
 1.147206590292257 0.8604049427191928 1.147206590292257 1.147206590292257 0.8604049427191928 0.5736032951461285 0.8604049427191928 0 0.8604049427191928 0.5736032951461285 0 0 0.8604049427191928 0 1.147206590292257 0.5736032951461285 0.8604049427191928 0.5736032951461285 1.147206590292257 0.8604049427191928 0.5736032951461285 0.8604049427191928 1.147206590292257 0 0 1.147206590292257 1.147206590292257 0 0 0.5736032951461285 0.5736032951461285 0.5736032951461285


# name: response_obj
# type: matrix
# rows: 1
# columns: 32
 0 1 0 0 0 1 0 1 0 0 1 1 0 1 0 0 0 0 0 1 0 0 0 1 1 1 0 1 1 1 1 1


# name: response_obj_rt
# type: matrix
# rows: 1
# columns: 32
 1452.769994735718 553.231954574585 3485.918998718262 530.724048614502 375.446081161499 18.37015151977539 179.7060966491699 871.088981628418 288.9950275421143 295.1681613922119 317.7270889282227 254.5638084411621 323.2669830322266 317.7270889282227 0.8051395416259766 2829.8180103302 445.3790187835693 341.2108421325684 47.14012145996094 231.4391136169434 0.8738040924072266 0.8409023284912109 18.19396018981934 254.5731067657471 83.63580703735352 479.2218208312988 0.8461475372314453 284.0230464935303 352.1759510040283 18.20993423461914 110.414981842041 0.8029937744140625


# name: response_suj
# type: matrix
# rows: 1
# columns: 32
 0 0 0 0 0 0 0 1 0 0 1 1 0 1 1 0 0 0 0 0 1 0 0 1 1 1 0 1 1 1 1 1


# name: response_suj_rt
# type: matrix
# rows: 1
# columns: 32
 47.6219654083252 58.67409706115723 18.36895942687988 47.1038818359375 23.98586273193359 81.80403709411621 473.1390476226807 168.1628227233887 399.9841213226318 58.70604515075684 145.1551914215088 174.5491027832031 0.7758140563964844 179.6660423278809 0.782012939453125 0.8130073547363281 6.654977798461914 75.82712173461914 53.25794219970703 0.7779598236083984 35.58611869812012 0.8411407470703125 93.25909614562988 110.5020046234131 2164.478778839111 1348.557949066162 41.28408432006836 156.627893447876 156.4059257507324 75.86503028869629 963.0730152130127 12.42780685424805




# name: <cell-element>
# type: scalar struct
# ndims: 2
 1 1
# length: 33
# name: priorAlphaRange
# type: range
# base, limit, increment
0 2.5 0.1


# name: prior
# type: matrix
# rows: 1
# columns: 26
 0.03846153846153846 0.03846153846153846 0.03846153846153846 0.03846153846153846 0.03846153846153846 0.03846153846153846 0.03846153846153846 0.03846153846153846 0.03846153846153846 0.03846153846153846 0.03846153846153846 0.03846153846153846 0.03846153846153846 0.03846153846153846 0.03846153846153846 0.03846153846153846 0.03846153846153846 0.03846153846153846 0.03846153846153846 0.03846153846153846 0.03846153846153846 0.03846153846153846 0.03846153846153846 0.03846153846153846 0.03846153846153846 0.03846153846153846


# name: pdf
# type: matrix
# rows: 1
# columns: 26
 8.367456446679501e-06 9.226401013446109e-06 1.096985841874266e-05 1.452080629282113e-05 2.203486187480098e-05 3.902067802077547e-05 8.05859049069102e-05 0.000190026614266672 0.0004924481474128323 0.00133605038069068 0.00360451945876673 0.009214187741454452 0.02142088683435983 0.04387522627092239 0.07744840446837667 0.1162641772597149 0.1475619214912012 0.1583562093062988 0.1443634610561155 0.1127087117537964 0.07615993102687747 0.04509166599480669 0.02370681820599947 0.01122347441539741 0.004853157685077583 0.001943995921490399


# name: mode
# type: scalar
1.7


# name: mean
# type: scalar
1.701914920183238


# name: sd
# type: scalar
0.2567055185290321


# name: modeUniformPrior
# type: scalar
1.7


# name: meanUniformPrior
# type: scalar
1.701914920183238


# name: sdUniformPrior
# type: scalar
0.2567055185290321


# name: response
# type: matrix
# rows: 1
# columns: 32
 0 1 1 0 1 1 1 1 1 1 0 1 1 1 1 1 0 1 1 1 1 1 0 0 1 1 1 1 1 1 0 0


# name: stopCriterion
# type: sq_string
# elements: 1
# length: 6
trials


