# Created by Octave 3.6.4, Thu Mar 06 18:51:01 2014 CET <exp@Einzelzelle>
# name: PMs
# type: cell
# rows: 6
# columns: 6
# name: <cell-element>
# type: scalar struct
# ndims: 2
 1 1
# length: 33
# name: priorAlphaRange
# type: range
# base, limit, increment
0 2.5 0.1


# name: prior
# type: matrix
# rows: 1
# columns: 26
 0.03846153846153846 0.03846153846153846 0.03846153846153846 0.03846153846153846 0.03846153846153846 0.03846153846153846 0.03846153846153846 0.03846153846153846 0.03846153846153846 0.03846153846153846 0.03846153846153846 0.03846153846153846 0.03846153846153846 0.03846153846153846 0.03846153846153846 0.03846153846153846 0.03846153846153846 0.03846153846153846 0.03846153846153846 0.03846153846153846 0.03846153846153846 0.03846153846153846 0.03846153846153846 0.03846153846153846 0.03846153846153846 0.03846153846153846


# name: pdf
# type: matrix
# rows: 1
# columns: 26
 9.490107743158679e-16 1.44018638044011e-15 2.746455114110049e-15 6.940818425886272e-15 2.406047904940512e-14 1.15309941072084e-13 7.480287195849968e-13 6.263652616328762e-12 6.327061371394592e-11 7.120768070651622e-10 8.226541898909754e-09 9.045096733820598e-08 8.886896672481465e-07 7.441424544046418e-06 5.144021456224699e-05 0.0002882172992564113 0.001298964114704271 0.004710986783819016 0.01383373162782309 0.03322557616806139 0.06610472801005732 0.1105174614407793 0.1576333035294123 0.1948040468690386 0.211815976402719 0.2057071379655358


# name: mode
# type: scalar
2.4


# name: mean
# type: scalar
2.280396411602805


# name: sd
# type: scalar
0.1823468191771005


# name: modeUniformPrior
# type: scalar
2.4


# name: meanUniformPrior
# type: scalar
2.280396411602804


# name: sdUniformPrior
# type: scalar
0.1823468191771005


# name: response
# type: matrix
# rows: 1
# columns: 32
 1 0 1 0 0 1 0 0 0 1 1 1 1 1 0 1 1 0 1 0 0 1 1 0 0 1 0 0 1 0 0 0


# name: stopCriterion
# type: sq_string
# elements: 1
# length: 6
trials


# name: stopRule
# type: scalar
32


# name: stop
# type: scalar
1


# name: PF
# type: function handle
# octaveroot: /usr
# path: /home/exp/sc/palamedes1_5_0/Palamedes/PAL_Gumbel.m
PAL_Gumbel


# name: beta
# type: scalar
0.5


# name: gamma
# type: scalar
0.1666666666666667


# name: lambda
# type: scalar
0.05


# name: xMin
# type: scalar
0


# name: xMax
# type: scalar
2.5


# name: direction
# type: scalar
1


# name: reversal
# type: matrix
# rows: 1
# columns: 32
 0 1 2 3 0 4 5 0 0 6 0 0 0 0 7 8 0 9 10 11 0 12 0 13 0 14 15 0 16 17 0 0


# name: meanmode
# type: sq_string
# elements: 1
# length: 4
mean


# name: xCurrent
# type: scalar
2.280396411602805


# name: x
# type: matrix
# rows: 1
# columns: 32
 2.5 1.476676609181333 1.988338304590666 1.732507456886 1.732507456886 2.5 1.476676609181333 1.476676609181333 1.988338304590666 2.5 1.476676609181333 1.988338304590666 2.5 2.5 1.732507456886 1.988338304590666 1.732507456886 1.732507456886 2.5 1.476676609181333 1.476676609181333 2.5 2.5 1.732507456886 1.476676609181333 1.732507456886 1.988338304590666 1.732507456886 1.988338304590666 1.988338304590666 1.476676609181333 1.988338304590666


# name: xStaircase
# type: matrix
# rows: 1
# columns: 33
 2.5 1.186099546478885 1.676703320589664 1.560197382699285 1.881544967729955 2.0464283217197 2.007389764349645 2.090294332305669 2.148461847882089 2.217687465716805 2.193949281742431 2.153024508608191 2.11280717321003 2.084395344572217 2.055670336692261 2.118792199706075 2.080106801015584 2.035585133682769 2.09629966336858 2.071240305813847 2.111699010756602 2.146852367496514 2.124680483058054 2.102348787649075 2.145503847004801 2.174217587681353 2.144047552365588 2.190093269571474 2.220399418228153 2.196513961494939 2.233206071919126 2.251922225058077 2.280396411602805


# name: stimulus
# type: sq_string
# elements: 1
# length: 7
chicken


# name: thc_type
# type: matrix
# rows: 1
# columns: 32
 2 0 1 0.5 0.5 2 0 0 1 2 0 1 2 2 0.5 1 0.5 0.5 2 0 0 2 2 0.5 0 0.5 1 0.5 1 1 0 1


# name: run
# type: matrix
# rows: 1
# columns: 32
 2 2 2 2 2 2 2 2 2 2 2 2 2 2 2 2 2 2 2 2 2 2 2 2 2 2 2 2 2 2 2 2


# name: noise_variance
# type: matrix
# rows: 1
# columns: 32
 0 1.023323390818667 0.5116616954093336 0.7674925431140004 0.7674925431140004 0 1.023323390818667 1.023323390818667 0.5116616954093336 0 1.023323390818667 0.5116616954093336 0 0 0.7674925431140004 0.5116616954093336 0.7674925431140004 0.7674925431140004 0 1.023323390818667 1.023323390818667 0 0 0.7674925431140004 1.023323390818667 0.7674925431140004 0.5116616954093336 0.7674925431140004 0.5116616954093336 0.5116616954093336 1.023323390818667 0.5116616954093336


# name: response_obj
# type: matrix
# rows: 1
# columns: 32
 1 0 1 0 0 1 0 0 0 1 1 1 1 1 0 1 1 0 1 0 0 1 1 0 0 1 0 0 1 0 0 0


# name: response_obj_rt
# type: matrix
# rows: 1
# columns: 32
 351.999044418335 342.7329063415527 219.9230194091797 254.723072052002 910.3579521179199 259.8919868469238 1893.522977828979 512.5370025634766 242.8491115570068 593.7240123748779 81.72202110290527 242.9790496826172 162.247896194458 0.7848739624023438 403.6989212036133 398.7479209899902 110.5120182037354 346.0338115692139 139.3640041351318 748.9511966705322 340.3720855712891 87.53299713134766 110.4190349578857 386.7528438568115 133.6588859558105 213.8330936431885 0.7910728454589844 416.2509441375732 127.7408599853516 254.8019886016846 0.8070468902587891 929.2540550231934


# name: response_suj
# type: matrix
# rows: 1
# columns: 32
 1 0 1 0 0 1 1 0 0 1 1 1 1 1 0 1 0 0 1 0 0 1 1 0 0 0 0 0 0 0 1 0


# name: response_suj_rt
# type: matrix
# rows: 1
# columns: 32
 58.59088897705078 225.4569530487061 168.0829524993896 628.3378601074219 75.77991485595703 64.31198120117188 0.8111000061035156 0.9379386901855469 144.8640823364258 464.6310806274414 0.782012939453125 35.54296493530273 41.28885269165039 248.5518455505371 0.7951259613037109 41.28408432006836 98.90103340148926 98.7699031829834 104.5050621032715 392.568826675415 446.7399120330811 87.38994598388672 87.46600151062012 116.2269115447998 107.496976852417 185.0709915161133 208.5239887237549 0.7960796356201172 0.7898807525634766 0.7901191711425781 729.3198108673096 47.00112342834473




# name: <cell-element>
# type: scalar struct
# ndims: 2
 1 1
# length: 33
# name: priorAlphaRange
# type: range
# base, limit, increment
0 2.5 0.1


# name: prior
# type: matrix
# rows: 1
# columns: 26
 0.03846153846153846 0.03846153846153846 0.03846153846153846 0.03846153846153846 0.03846153846153846 0.03846153846153846 0.03846153846153846 0.03846153846153846 0.03846153846153846 0.03846153846153846 0.03846153846153846 0.03846153846153846 0.03846153846153846 0.03846153846153846 0.03846153846153846 0.03846153846153846 0.03846153846153846 0.03846153846153846 0.03846153846153846 0.03846153846153846 0.03846153846153846 0.03846153846153846 0.03846153846153846 0.03846153846153846 0.03846153846153846 0.03846153846153846


# name: pdf
# type: matrix
# rows: 1
# columns: 26
 1.044722734574696e-09 7.628966404523326e-09 5.165354681100393e-08 3.13576580222922e-07 1.667693276910765e-06 7.670873689759367e-06 3.039284946103052e-05 0.0001040086132740859 0.0003097726515515591 0.0008118513803014943 0.001896977463282676 0.004006736310678644 0.007748675446291751 0.01386000695065264 0.02307347751991327 0.03583614055262201 0.05191361974583063 0.07006068193420636 0.08802273640628637 0.1030146774913291 0.1125371205197641 0.1151536315981086 0.1108629097225161 0.1009411328598808 0.08740739032891404 0.07239834718435181


# name: mode
# type: scalar
2.1


# name: mean
# type: scalar
2.010819262875867


# name: sd
# type: scalar
0.31881974882639


# name: modeUniformPrior
# type: scalar
2.1


# name: meanUniformPrior
# type: scalar
2.010819262875867


# name: sdUniformPrior
# type: scalar
0.31881974882639


# name: response
# type: matrix
# rows: 1
# columns: 32
 0 0 1 1 1 1 0 0 1 1 1 1 0 0 1 1 0 0 0 0 0 0 0 0 1 1 0 0 0 1 0 0


# name: stopCriterion
# type: sq_string
# elements: 1
# length: 6
trials


# name: stopRule
# type: scalar
32


