# Created by Octave 3.6.4, Thu Mar 06 18:18:42 2014 CET <exp@Einzelzelle>
# name: PMs
# type: cell
# rows: 6
# columns: 6
# name: <cell-element>
# type: scalar struct
# ndims: 2
 1 1
# length: 33
# name: priorAlphaRange
# type: range
# base, limit, increment
0 2.5 0.1


# name: prior
# type: matrix
# rows: 1
# columns: 26
 0.03846153846153846 0.03846153846153846 0.03846153846153846 0.03846153846153846 0.03846153846153846 0.03846153846153846 0.03846153846153846 0.03846153846153846 0.03846153846153846 0.03846153846153846 0.03846153846153846 0.03846153846153846 0.03846153846153846 0.03846153846153846 0.03846153846153846 0.03846153846153846 0.03846153846153846 0.03846153846153846 0.03846153846153846 0.03846153846153846 0.03846153846153846 0.03846153846153846 0.03846153846153846 0.03846153846153846 0.03846153846153846 0.03846153846153846


# name: pdf
# type: matrix
# rows: 1
# columns: 26
 1.691593775340753e-07 2.007919556784192e-07 2.566328262324772e-07 3.593974417803112e-07 5.607486118907753e-07 9.878990827592e-07 1.980331124421738e-06 4.518514800687095e-06 1.164486937384454e-05 3.333663398923025e-05 0.0001032043664925589 0.0003328789755997745 0.00106941240115798 0.003264051549122106 0.009063802666892339 0.02211318724121298 0.04624886698549834 0.08172337739501685 0.1212879640199472 0.151322942642038 0.159662643689934 0.1438389279112894 0.1119810703876801 0.07636463951186287 0.0462775556084488 0.02529145966922249


# name: mode
# type: scalar
2


# name: mean
# type: scalar
1.988338304590666


# name: sd
# type: scalar
0.2429503321910825


# name: modeUniformPrior
# type: scalar
2


# name: meanUniformPrior
# type: scalar
1.988338304590667


# name: sdUniformPrior
# type: scalar
0.2429503321910825


# name: response
# type: matrix
# rows: 1
# columns: 32
 0 0 0 0 1 0 1 1 0 1 1 1 1 1 0 0 1 0 1 1 1 1 1 1 1 1 1 1 0 1 1 1


# name: stopCriterion
# type: sq_string
# elements: 1
# length: 6
trials


# name: stopRule
# type: scalar
32


# name: stop
# type: scalar
1


# name: PF
# type: function handle
# octaveroot: /usr
# path: /home/exp/sc/palamedes1_5_0/Palamedes/PAL_Gumbel.m
PAL_Gumbel


# name: beta
# type: scalar
0.5


# name: gamma
# type: scalar
0.1666666666666667


# name: lambda
# type: scalar
0.05


# name: xMin
# type: scalar
0


# name: xMax
# type: scalar
2.5


# name: direction
# type: scalar
-1


# name: reversal
# type: matrix
# rows: 1
# columns: 32
 0 0 0 0 1 2 3 0 4 5 0 0 0 0 6 0 7 8 9 0 0 0 0 0 0 0 0 0 10 11 0 0


# name: meanmode
# type: sq_string
# elements: 1
# length: 4
mean


# name: xCurrent
# type: scalar
1.988338304590666


# name: x
# type: matrix
# rows: 1
# columns: 32
 1.250000000000001 1.690097790025086 1.978764206990401 1.784554999183361 2.217685395995706 2.182910310743643 2.258738008003522 2.232019067702233 2.202238137239737 2.032770633724102 2.239199316640591 2.212429280698976 2.183101248549211 2.5 1.751280222477961 2.176636469035099 1.970927470107473 2.208190218358133 2.25899349338358 2.5 1.939739737420163 2.193022921539137 2.5 2.5 2.5 2.5 1.670536776300255 2.5 1.562065184229163 1.636883783342306 2.035964523193546 2.5


# name: xStaircase
# type: matrix
# rows: 1
# columns: 33
 1.250000000000001 1.690097790025086 1.978764206990401 2.14227749959168 2.217685395995706 2.182910310743643 2.258738008003522 2.232019067702233 2.202238137239737 2.266385316862051 2.239199316640591 2.212429280698976 2.183101248549211 2.151179626573154 2.12564011123898 2.176636469035099 2.235463735053736 2.208190218358133 2.25899349338358 2.238105215732261 2.219869868710081 2.193022921539137 2.16773584802372 2.147330101756885 2.126698330334134 2.105969338314084 2.085268388150127 2.051609001057748 2.031032592114582 2.068441891671153 2.035964523193546 2.007366734764514 1.988338304590666


# name: stimulus
# type: sq_string
# elements: 1
# length: 7
chicken


# name: thc_type
# type: matrix
# rows: 1
# columns: 32
 0.5 0.5 1 0 1 1 0.5 1 0.5 0 0.5 1 1 2 0 0.5 0 0.5 1 2 0 0.5 2 2 2 2 0 2 0 0 1 2


# name: run
# type: matrix
# rows: 1
# columns: 32
 1 1 1 1 1 1 1 1 1 1 1 1 1 1 1 1 1 1 1 1 1 1 1 1 1 1 1 1 1 1 1 1


# name: noise_variance
# type: matrix
# rows: 1
# columns: 32
 1.249999999999999 0.8099022099749138 0.5212357930095994 0.7154450008166391 0.2823146040042941 0.3170896892563575 0.2412619919964785 0.2679809322977666 0.2977618627602632 0.4672293662758982 0.2608006833594092 0.2875707193010242 0.3168987514507888 0 0.7487197775220391 0.323363530964901 0.5290725298925274 0.291809781641867 0.2410065066164195 0 0.5602602625798374 0.3069770784608634 0 0 0 0 0.8294632236997455 0 0.9379348157708369 0.8631162166576942 0.4640354768064539 0


# name: response_obj
# type: matrix
# rows: 1
# columns: 32
 0 0 0 0 1 0 1 1 0 1 1 1 1 1 0 0 1 0 1 1 1 1 1 1 1 1 1 1 0 1 1 1


# name: response_obj_rt
# type: matrix
# rows: 1
# columns: 32
 1588.431119918823 420.7918643951416 288.6209487915039 2237.443923950195 847.0818996429443 628.1881332397461 1058.534860610962 271.3820934295654 3695.022106170654 4994.195938110352 403.6118984222412 242.6419258117676 231.2119007110596 242.6519393920898 1318.282842636108 282.7088832855225 621.6428279876709 971.5240001678467 507.6019763946533 231.0538291931152 818.6430931091309 259.8090171813965 47.16110229492188 213.9468193054199 0.7898807525634766 214.0090465545654 259.9990367889404 216.5169715881348 3025.31909942627 41.35894775390625 461.7588520050049 271.3890075683594


# name: response_suj
# type: matrix
# rows: 1
# columns: 32
 0 0 0 0 1 0 1 1 0 0 1 1 1 1 0 0 0 1 1 1 0 1 1 1 1 1 1 1 0 1 1 1


# name: response_suj_rt
# type: matrix
# rows: 1
# columns: 32
 392.6308155059814 427.0830154418945 837.2619152069092 23.95296096801758 250.5660057067871 276.9629955291748 104.586124420166 53.07388305664062 265.5789852142334 184.8719120025635 151.108980178833 230.9730052947998 237.1711730957031 248.9070892333984 253.9758682250977 421.1719036102295 219.7978496551514 0.7660388946533203 412.6908779144287 93.14489364624023 12.46213912963867 98.99806976318359 202.5041580200195 52.71100997924805 271.6240882873535 265.6059265136719 116.1990165710449 231.2679290771484 104.7031879425049 167.8380966186523 152.5149345397949 139.0740871429443




# name: <cell-element>
# type: scalar struct
# ndims: 2
 1 1
# length: 33
# name: priorAlphaRange
# type: range
# base, limit, increment
0 2.5 0.1


# name: prior
# type: matrix
# rows: 1
# columns: 26
 0.03846153846153846 0.03846153846153846 0.03846153846153846 0.03846153846153846 0.03846153846153846 0.03846153846153846 0.03846153846153846 0.03846153846153846 0.03846153846153846 0.03846153846153846 0.03846153846153846 0.03846153846153846 0.03846153846153846 0.03846153846153846 0.03846153846153846 0.03846153846153846 0.03846153846153846 0.03846153846153846 0.03846153846153846 0.03846153846153846 0.03846153846153846 0.03846153846153846 0.03846153846153846 0.03846153846153846 0.03846153846153846 0.03846153846153846


# name: pdf
# type: matrix
# rows: 1
# columns: 26
 0.0007685209368067305 0.001963196385467393 0.004729171200824585 0.01053825974900197 0.02134873565150179 0.03880166375478231 0.062748088880763 0.08995324946219806 0.1143119143353893 0.1291050724033894 0.13013303135412 0.1176532021017502 0.09592279598054583 0.07091196085101886 0.047797559814711 0.02954309501308843 0.01684479118102884 0.008916523396300091 0.004411592176189409 0.002054940596031372 0.0009080246155878884 0.0003836104997492758 0.0001561820863939904 6.17684661011398e-05 2.391555380565643e-05 9.133553453311701e-06


# name: mode
# type: scalar
1


# name: mean
# type: scalar
0.9757224060024876


# name: sd
# type: scalar
0.3073494022541192


# name: modeUniformPrior
# type: scalar
1


# name: meanUniformPrior
# type: scalar
0.9757224060024878


# name: sdUniformPrior
# type: scalar
0.3073494022541192


# name: response
# type: matrix
# rows: 1
# columns: 32
 1 0 0 1 0 1 0 1 1 1 0 0 1 1 1 0 1 0 1 1 1 1 1 1 1 1 0 1 0 1 1 1


# name: stopCriterion
# type: sq_string
# elements: 1
# length: 6
trials


# name: stopRule
# type: scalar
32


