# Created by Octave 3.6.4, Tue Mar 18 15:07:50 2014 CET <exp@multiunit>
# name: PMs
# type: cell
# rows: 6
# columns: 6
# name: <cell-element>
# type: scalar struct
# ndims: 2
 1 1
# length: 33
# name: priorAlphaRange
# type: range
# base, limit, increment
0 2.5 0.1


# name: prior
# type: matrix
# rows: 1
# columns: 26
 0.03846153846153846 0.03846153846153846 0.03846153846153846 0.03846153846153846 0.03846153846153846 0.03846153846153846 0.03846153846153846 0.03846153846153846 0.03846153846153846 0.03846153846153846 0.03846153846153846 0.03846153846153846 0.03846153846153846 0.03846153846153846 0.03846153846153846 0.03846153846153846 0.03846153846153846 0.03846153846153846 0.03846153846153846 0.03846153846153846 0.03846153846153846 0.03846153846153846 0.03846153846153846 0.03846153846153846 0.03846153846153846 0.03846153846153846


# name: pdf
# type: matrix
# rows: 1
# columns: 26
 1.551012042531868e-10 7.183756536302852e-10 3.659792601800656e-09 1.992228585429138e-08 1.125857163739345e-07 6.408311154800634e-07 3.556007845209572e-06 1.859603781009715e-05 8.871890588515395e-05 0.0003754820638072676 0.001379712834323877 0.004338049418843752 0.01157560643901187 0.02613576289279999 0.04998251000520258 0.08129517875873299 0.113173734481267 0.1359524694769012 0.1422613040097606 0.1310278150752385 0.1074061084716736 0.07926382886023182 0.05328117236935954 0.03300579963463889 0.01905934309493154 0.01037447328934751


# name: mode
# type: scalar
1.8


# name: mean
# type: scalar
1.809658652586104


# name: sd
# type: scalar
0.2769479614378998


# name: modeUniformPrior
# type: scalar
1.8


# name: meanUniformPrior
# type: scalar
1.809658652586104


# name: sdUniformPrior
# type: scalar
0.2769479614378998


# name: response
# type: matrix
# rows: 1
# columns: 32
 1 0 1 0 1 0 1 1 0 0 0 1 0 1 1 1 0 1 1 1 0 1 0 1 1 1 0 0 0 1 1 0


# name: stopCriterion
# type: sq_string
# elements: 1
# length: 6
trials


# name: stopRule
# type: scalar
32


# name: stop
# type: scalar
1


# name: PF
# type: function handle
# octaveroot: /usr
# path: /home/exp/sc/palamedes1_5_0/Palamedes/PAL_Gumbel.m
PAL_Gumbel


# name: beta
# type: scalar
0.5


# name: gamma
# type: scalar
0.1666666666666667


# name: lambda
# type: scalar
0.05


# name: xMin
# type: scalar
0


# name: xMax
# type: scalar
2.5


# name: direction
# type: scalar
1


# name: reversal
# type: matrix
# rows: 1
# columns: 32
 0 1 2 3 4 5 6 0 7 0 0 8 9 10 0 0 11 12 0 0 13 14 15 16 0 0 17 0 0 18 0 19


# name: meanmode
# type: sq_string
# elements: 1
# length: 4
mean


# name: xCurrent
# type: scalar
1.809658652586104


# name: x
# type: matrix
# rows: 1
# columns: 32
 1.250000000000001 1.017684819754608 2.5 0.239421982319298 1.506387337845634 1.35024362968845 1.647685068521439 1.528778200242844 1.408225182075119 0.7723656143081987 0.9510758214617994 2.5 1.045008340157408 2.5 1.813837777606482 2.5 0.9284750278088909 1.775513153890922 1.714040888138404 1.653546622836777 0.6895403609602857 2.5 1.617461213075793 2.5 1.697449183741743 2.5 0.7601521552706423 1.666751667120062 1.752257365944983 2.5 1.812604698052863 1.047927016802141


# name: xStaircase
# type: matrix
# rows: 1
# columns: 33
 1.250000000000001 1.017684819754608 1.428108577324256 1.369710991159649 1.506387337845634 1.35024362968845 1.647685068521439 1.528778200242844 1.408225182075119 1.636182807154099 1.7255379107309 1.811700229074674 1.772504170078704 1.85031618384706 1.813837777606482 1.746287705143277 1.714237513904445 1.775513153890922 1.714040888138404 1.653546622836777 1.594770180480143 1.640092909420886 1.617461213075793 1.720509359775402 1.697449183741743 1.649332182642281 1.630076077635321 1.666751667120062 1.752257365944983 1.834059113183449 1.812604698052863 1.77396350840107 1.809658652586104


# name: stimulus
# type: sq_string
# elements: 1
# length: 3
cap


# name: thc_type
# type: matrix
# rows: 1
# columns: 32
 0.5 1 2 0 1 0.5 1 1 1 0 0 2 0 2 0.5 2 0 0.5 0.5 0.5 0 2 0.5 2 1 2 0 1 0.5 2 1 0


# name: run
# type: matrix
# rows: 1
# columns: 32
 1 1 1 1 1 1 1 1 1 1 1 1 1 1 1 1 1 1 1 1 1 1 1 1 1 1 1 1 1 1 1 1


# name: noise_variance
# type: matrix
# rows: 1
# columns: 32
 1.249999999999999 1.482315180245392 0 2.260578017680702 0.9936126621543664 1.14975637031155 0.8523149314785607 0.9712217997571559 1.091774817924881 1.727634385691801 1.548924178538201 0 1.454991659842592 0 0.6861622223935178 0 1.571524972191109 0.7244868461090777 0.7859591118615956 0.8464533771632232 1.810459639039714 0 0.882538786924207 0 0.8025508162582571 0 1.739847844729358 0.8332483328799383 0.7477426340550171 0 0.687395301947137 1.452072983197859


# name: response_obj
# type: matrix
# rows: 1
# columns: 32
 1 0 1 0 1 0 1 1 0 0 0 1 0 1 1 1 0 1 1 1 0 1 0 1 1 1 0 0 0 1 1 0


# name: response_obj_rt
# type: matrix
# rows: 1
# columns: 32
 1932.749032974243 2075.02293586731 1124.521017074585 393.9731121063232 784.0430736541748 857.666015625 2562.323093414307 732.0671081542969 1119.050025939941 728.3580303192139 475.1760959625244 357.5999736785889 351.8521785736084 811.535120010376 416.1310195922852 467.9770469665527 284.3949794769287 663.3810997009277 707.0879936218262 1541.43500328064 473.1850624084473 738.7049198150635 185.1680278778076 500.7979869842529 708.8348865509033 319.5929527282715 176.0029792785645 390.949010848999 375.4088878631592 371.8929290771484 516.0291194915771 541.6059494018555


# name: response_suj
# type: matrix
# rows: 1
# columns: 32
 0 0 1 0 1 0 1 1 0 0 0 1 1 1 1 1 0 1 1 1 0 1 0 1 1 1 0 0 0 1 0 0


# name: response_suj_rt
# type: matrix
# rows: 1
# columns: 32
 552.5038242340088 1167.470216751099 516.4010524749756 1012.655019760132 618.5810565948486 867.8319454193115 737.9939556121826 577.6650905609131 883.7201595306396 666.5730476379395 474.5588302612305 280.3339958190918 588.3851051330566 542.8409576416016 573.3780860900879 244.5309162139893 276.2289047241211 246.3808059692383 781.2740802764893 754.2839050292969 445.4491138458252 574.1381645202637 457.8568935394287 309.3669414520264 563.7180805206299 242.3341274261475 499.3331432342529 466.3650989532471 322.1168518066406 544.3689823150635 420.1459884643555 413.985013961792




# name: <cell-element>
# type: scalar struct
# ndims: 2
 1 1
# length: 33
# name: priorAlphaRange
# type: range
# base, limit, increment
0 2.5 0.1


# name: prior
# type: matrix
# rows: 1
# columns: 26
 0.03846153846153846 0.03846153846153846 0.03846153846153846 0.03846153846153846 0.03846153846153846 0.03846153846153846 0.03846153846153846 0.03846153846153846 0.03846153846153846 0.03846153846153846 0.03846153846153846 0.03846153846153846 0.03846153846153846 0.03846153846153846 0.03846153846153846 0.03846153846153846 0.03846153846153846 0.03846153846153846 0.03846153846153846 0.03846153846153846 0.03846153846153846 0.03846153846153846 0.03846153846153846 0.03846153846153846 0.03846153846153846 0.03846153846153846


# name: pdf
# type: matrix
# rows: 1
# columns: 26
 1.074174368396774e-10 1.569345855629463e-10 2.59872804420993e-10 5.02071012121175e-10 1.164769395572966e-09 3.312865320066428e-09 1.160041024377783e-08 4.912054181833386e-08 2.416278018174759e-07 1.304430539415521e-06 7.243860070358097e-06 3.884164875184999e-05 0.0001903681120130421 0.0008172445519125718 0.002983113343595847 0.009093196405642824 0.02295259993407606 0.04792687648274839 0.08315884238310489 0.1209134454334637 0.1489717278528323 0.157537995807302 0.1449975740119801 0.1178393434147727 0.08579793317091405 0.05677204130359555


# name: mode
# type: scalar
2.1


# name: mean
# type: scalar
2.083423248568959


# name: sd
# type: scalar
0.2353160529651931


# name: modeUniformPrior
# type: scalar
2.1


# name: meanUniformPrior
# type: scalar
2.083423248568958


# name: sdUniformPrior
# type: scalar
0.235316052965193


# name: response
# type: matrix
# rows: 1
# columns: 32
 1 0 0 0 1 0 0 1 1 1 0 1 1 1 1 1 1 1 1 1 1 0 1 1 0 0 0 0 0 0 1 1


# name: stopCriterion
# type: sq_string
# elements: 1
# length: 6
trials


# name: stopRule
# type: scalar
32


