# Created by Octave 3.6.4, Tue Mar 18 15:47:17 2014 CET <exp@multiunit>
# name: PMs
# type: cell
# rows: 6
# columns: 6
# name: <cell-element>
# type: scalar struct
# ndims: 2
 1 1
# length: 33
# name: priorAlphaRange
# type: range
# base, limit, increment
0 2.5 0.1


# name: prior
# type: matrix
# rows: 1
# columns: 26
 0.03846153846153846 0.03846153846153846 0.03846153846153846 0.03846153846153846 0.03846153846153846 0.03846153846153846 0.03846153846153846 0.03846153846153846 0.03846153846153846 0.03846153846153846 0.03846153846153846 0.03846153846153846 0.03846153846153846 0.03846153846153846 0.03846153846153846 0.03846153846153846 0.03846153846153846 0.03846153846153846 0.03846153846153846 0.03846153846153846 0.03846153846153846 0.03846153846153846 0.03846153846153846 0.03846153846153846 0.03846153846153846 0.03846153846153846


# name: pdf
# type: matrix
# rows: 1
# columns: 26
 3.554053269699997e-12 1.389686657935257e-11 7.073794146475298e-11 4.47787701205075e-10 3.306005661689237e-09 2.643679431353961e-08 2.12680138980558e-07 1.612796510445831e-06 1.094901860428827e-05 6.412659919082599e-05 0.0003163170407007699 0.001296183984113288 0.004385717561176024 0.01224612613472686 0.02831278023425622 0.05453087757128357 0.08820967367215886 0.1210058983738786 0.1423039631940003 0.1451503723946324 0.1299963650600589 0.1035197709514444 0.07423580207305498 0.0485499866440705 0.02931803833128778 0.01654519540593546


# name: mode
# type: scalar
1.9


# name: mean
# type: scalar
1.887299507447348


# name: sd
# type: scalar
0.2659760000849079


# name: modeUniformPrior
# type: scalar
1.9


# name: meanUniformPrior
# type: scalar
1.887299507447348


# name: sdUniformPrior
# type: scalar
0.2659760000849079


# name: response
# type: matrix
# rows: 1
# columns: 32
 1 0 1 1 1 1 0 1 0 0 1 1 0 1 1 1 1 0 0 0 1 1 0 0 1 0 1 1 0 0 1 0


# name: stopCriterion
# type: sq_string
# elements: 1
# length: 6
trials


# name: stopRule
# type: scalar
32


# name: stop
# type: scalar
1


# name: PF
# type: function handle
# octaveroot: /usr
# path: /home/exp/sc/palamedes1_5_0/Palamedes/PAL_Gumbel.m
PAL_Gumbel


# name: beta
# type: scalar
0.5


# name: gamma
# type: scalar
0.1666666666666667


# name: lambda
# type: scalar
0.05


# name: xMin
# type: scalar
0


# name: xMax
# type: scalar
2.5


# name: direction
# type: scalar
1


# name: reversal
# type: matrix
# rows: 1
# columns: 32
 0 1 2 0 0 0 3 4 5 0 6 0 7 8 0 0 0 9 0 0 10 0 11 0 12 13 14 0 15 0 16 17


# name: meanmode
# type: sq_string
# elements: 1
# length: 4
mean


# name: xCurrent
# type: scalar
1.887299507447348


# name: x
# type: matrix
# rows: 1
# columns: 32
 2.5 1.119317305172209 2.5 2.5 2.5 1.809658652586104 1.464487978879156 1.809658652586104 1.119317305172209 1.119317305172209 2.5 2.5 1.119317305172209 1.809658652586104 1.809658652586104 2.5 1.464487978879156 1.464487978879156 1.119317305172209 1.119317305172209 2.5 1.809658652586104 1.119317305172209 1.464487978879156 1.464487978879156 1.464487978879156 1.809658652586104 1.809658652586104 1.464487978879156 1.464487978879156 1.809658652586104 1.119317305172209


# name: xStaircase
# type: matrix
# rows: 1
# columns: 33
 2.5 1.186099546478885 1.593527997347015 1.53284019698107 1.476589657834618 1.425034314465573 1.309035904401964 1.6257196491157 1.528543754859745 1.687225646360767 1.796395293232413 1.759056112865489 1.723815916064638 1.808024649698136 1.743213935985529 1.68055882339255 1.652870935706446 1.584893001732974 1.692939751485208 1.756798100763244 1.81276215622447 1.787091069992458 1.739566177820967 1.790299607371098 1.855359287412834 1.806640424314757 1.866447599424235 1.825285284718001 1.785586537092825 1.84105339236025 1.891512805844209 1.85457086471241 1.887299507447348


# name: stimulus
# type: sq_string
# elements: 1
# length: 3
cap


# name: thc_type
# type: matrix
# rows: 1
# columns: 32
 2 0 2 2 2 1 0.5 1 0 0 2 2 0 1 1 2 0.5 0.5 0 0 2 1 0 0.5 0.5 0.5 1 1 0.5 0.5 1 0


# name: run
# type: matrix
# rows: 1
# columns: 32
 2 2 2 2 2 2 2 2 2 2 2 2 2 2 2 2 2 2 2 2 2 2 2 2 2 2 2 2 2 2 2 2


# name: noise_variance
# type: matrix
# rows: 1
# columns: 32
 0 1.380682694827791 0 0 0 0.6903413474138957 1.035512021120844 0.6903413474138957 1.380682694827791 1.380682694827791 0 0 1.380682694827791 0.6903413474138957 0.6903413474138957 0 1.035512021120844 1.035512021120844 1.380682694827791 1.380682694827791 0 0.6903413474138957 1.380682694827791 1.035512021120844 1.035512021120844 1.035512021120844 0.6903413474138957 0.6903413474138957 1.035512021120844 1.035512021120844 0.6903413474138957 1.380682694827791


# name: response_obj
# type: matrix
# rows: 1
# columns: 32
 1 0 1 1 1 1 0 1 0 0 1 1 0 1 1 1 1 0 0 0 1 1 0 0 1 0 1 1 0 0 1 0


# name: response_obj_rt
# type: matrix
# rows: 1
# columns: 32
 978.5130023956299 607.684850692749 394.4859504699707 380.5868625640869 302.7350902557373 387.3190879821777 105.0190925598145 516.3259506225586 723.0021953582764 466.317892074585 351.2310981750488 338.6409282684326 363.7640476226807 474.2798805236816 289.2849445343018 152.9099941253662 462.2409343719482 86.96889877319336 339.0970230102539 0.7288455963134766 456.1460018157959 374.9589920043945 339.400053024292 461.6520404815674 0.6539821624755859 714.3189907073975 651.2570381164551 420.3851222991943 527.489185333252 828.7630081176758 2601.773977279663 351.1168956756592


# name: response_suj
# type: matrix
# rows: 1
# columns: 32
 1 1 1 1 1 1 0 1 0 0 1 1 0 1 1 1 1 0 0 0 1 1 0 0 0 0 1 1 0 0 1 0


# name: response_suj_rt
# type: matrix
# rows: 1
# columns: 32
 440.0460720062256 319.8940753936768 299.7939586639404 313.6129379272461 311.9320869445801 285.5310440063477 324.4020938873291 263.714075088501 355.1411628723145 299.717903137207 37.92810440063477 516.7050361633301 337.2030258178711 370.0001239776611 325.3519535064697 284.6109867095947 768.0540084838867 398.8800048828125 362.9860877990723 432.0449829101562 189.1639232635498 277.9059410095215 1057.345151901245 622.3759651184082 367.1350479125977 258.4009170532227 390.2981281280518 487.9581928253174 677.772045135498 1021.854162216187 394.3018913269043 388.8890743255615




# name: <cell-element>
# type: scalar struct
# ndims: 2
 1 1
# length: 33
# name: priorAlphaRange
# type: range
# base, limit, increment
0 2.5 0.1


# name: prior
# type: matrix
# rows: 1
# columns: 26
 0.03846153846153846 0.03846153846153846 0.03846153846153846 0.03846153846153846 0.03846153846153846 0.03846153846153846 0.03846153846153846 0.03846153846153846 0.03846153846153846 0.03846153846153846 0.03846153846153846 0.03846153846153846 0.03846153846153846 0.03846153846153846 0.03846153846153846 0.03846153846153846 0.03846153846153846 0.03846153846153846 0.03846153846153846 0.03846153846153846 0.03846153846153846 0.03846153846153846 0.03846153846153846 0.03846153846153846 0.03846153846153846 0.03846153846153846


# name: pdf
# type: matrix
# rows: 1
# columns: 26
 7.402680136008483e-05 7.907551525847851e-05 8.923584116743795e-05 0.0001092930791797599 0.000149346403423312 0.0002325155601330918 0.0004151334135729095 0.0008389370796572051 0.001857696969563747 0.004303405229780042 0.009904674984356286 0.02157155347586615 0.0426845437129228 0.07443246480250119 0.1120615370867176 0.1439583351015903 0.1570613860837661 0.1456590794049301 0.1154174602101629 0.07879181794062082 0.04683572426503848 0.02453952792394025 0.01148426870078467 0.004867372622326118 0.001894686817273108 0.0006869009741069841


# name: mode
# type: scalar
1.6


# name: mean
# type: scalar
1.605174633679695


# name: sd
# type: scalar
0.2628297611257409


# name: modeUniformPrior
# type: scalar
1.6


# name: meanUniformPrior
# type: scalar
1.605174633679695


# name: sdUniformPrior
# type: scalar
0.2628297611257409


# name: response
# type: matrix
# rows: 1
# columns: 32
 1 1 1 1 0 1 1 1 1 1 1 1 0 1 1 0 0 1 1 0 1 1 1 1 1 0 1 0 1 1 1 1


# name: stopCriterion
# type: sq_string
# elements: 1
# length: 6
trials


# name: stopRule
# type: scalar
32


