# Created by Octave 3.6.4, Sun Mar 09 13:31:27 2014 CET <exp@Einzelzelle>
# name: PMs
# type: cell
# rows: 6
# columns: 6
# name: <cell-element>
# type: scalar struct
# ndims: 2
 1 1
# length: 33
# name: priorAlphaRange
# type: range
# base, limit, increment
0 2.5 0.1


# name: prior
# type: matrix
# rows: 1
# columns: 26
 0.03846153846153846 0.03846153846153846 0.03846153846153846 0.03846153846153846 0.03846153846153846 0.03846153846153846 0.03846153846153846 0.03846153846153846 0.03846153846153846 0.03846153846153846 0.03846153846153846 0.03846153846153846 0.03846153846153846 0.03846153846153846 0.03846153846153846 0.03846153846153846 0.03846153846153846 0.03846153846153846 0.03846153846153846 0.03846153846153846 0.03846153846153846 0.03846153846153846 0.03846153846153846 0.03846153846153846 0.03846153846153846 0.03846153846153846


# name: pdf
# type: matrix
# rows: 1
# columns: 26
 1.124168161927606e-10 5.360705172434933e-10 2.943017200296495e-09 1.775523492491176e-08 1.119735862883903e-07 7.030526457805909e-07 4.203140693361232e-06 2.301848554656054e-05 0.0001119045458052373 0.0004717641540183067 0.001698170391915488 0.005174941592840723 0.01331053984777826 0.02893031957268435 0.05335614269012674 0.0840304533939867 0.1139063575872794 0.1341135370635652 0.1385326657104156 0.126884543970268 0.104195656442356 0.07758536742807087 0.05298111633417863 0.03355363466215498 0.01992428362796117 0.01121054298538302


# name: mode
# type: scalar
1.8


# name: mean
# type: scalar
1.803829753029459


# name: sd
# type: scalar
0.2830360694505383


# name: modeUniformPrior
# type: scalar
1.8


# name: meanUniformPrior
# type: scalar
1.803829753029459


# name: sdUniformPrior
# type: scalar
0.2830360694505383


# name: response
# type: matrix
# rows: 1
# columns: 32
 0 1 0 0 0 1 1 0 1 1 1 0 0 1 1 0 0 1 0 1 1 1 1 1 1 0 1 0 0 1 1 0


# name: stopCriterion
# type: sq_string
# elements: 1
# length: 6
trials


# name: stopRule
# type: scalar
32


# name: stop
# type: scalar
1


# name: PF
# type: function handle
# octaveroot: /usr
# path: /home/exp/sc/palamedes1_5_0/Palamedes/PAL_Gumbel.m
PAL_Gumbel


# name: beta
# type: scalar
0.5


# name: gamma
# type: scalar
0.1666666666666667


# name: lambda
# type: scalar
0.05


# name: xMin
# type: scalar
0


# name: xMax
# type: scalar
2.5


# name: direction
# type: scalar
1


# name: reversal
# type: matrix
# rows: 1
# columns: 32
 0 1 2 0 0 3 0 4 5 0 0 6 0 7 0 8 0 9 10 11 0 0 0 0 0 12 13 14 0 15 0 16


# name: meanmode
# type: sq_string
# elements: 1
# length: 4
mean


# name: xCurrent
# type: scalar
1.803829753029459


# name: x
# type: matrix
# rows: 1
# columns: 32
 1.252913417844082 2.5 0.8372178904587759 1.668608945229388 0.8372178904587759 2.5 2.5 0.8372178904587759 2.5 1.668608945229388 1.668608945229388 1.252913417844082 1.252913417844082 1.668608945229388 1.668608945229388 1.252913417844082 1.252913417844082 2.5 0.8372178904587759 1.668608945229388 2.5 1.668608945229388 1.252913417844082 0.8372178904587759 2.5 0.8372178904587759 0.8372178904587759 1.668608945229388 0.8372178904587759 2.5 1.252913417844082 1.252913417844082


# name: xStaircase
# type: matrix
# rows: 1
# columns: 33
 1.252913417844082 1.6907924438974 1.626667606792528 1.802559095400035 2.004890798323693 2.059622730033347 2.020006809033752 1.97975562259979 2.028566541466107 1.991141515799031 1.919270251290941 1.843354001862523 1.926800407708793 1.992587914164724 1.930714379708905 1.866718251658642 1.932429726293809 1.987868924382194 1.957633152225415 1.989247459832919 1.937078206667601 1.908777477841797 1.856976135732474 1.801365268045749 1.747003886044008 1.724230228185654 1.761299074598493 1.710010010650919 1.793675000052982 1.825261307357132 1.803244580896943 1.756547703180613 1.803829753029459


# name: stimulus
# type: sq_string
# elements: 1
# length: 4
shoe


# name: thc_type
# type: matrix
# rows: 1
# columns: 32
 0.5 2 0 1 0 2 2 0 2 1 1 0.5 0.5 1 1 0.5 0.5 2 0 1 2 1 0.5 0 2 0 0 1 0 2 0.5 0.5


# name: run
# type: matrix
# rows: 1
# columns: 32
 2 2 2 2 2 2 2 2 2 2 2 2 2 2 2 2 2 2 2 2 2 2 2 2 2 2 2 2 2 2 2 2


# name: noise_variance
# type: matrix
# rows: 1
# columns: 32
 1.247086582155918 0 1.662782109541224 0.831391054770612 1.662782109541224 0 0 1.662782109541224 0 0.831391054770612 0.831391054770612 1.247086582155918 1.247086582155918 0.831391054770612 0.831391054770612 1.247086582155918 1.247086582155918 0 1.662782109541224 0.831391054770612 0 0.831391054770612 1.247086582155918 1.662782109541224 0 1.662782109541224 1.662782109541224 0.831391054770612 1.662782109541224 0 1.247086582155918 1.247086582155918


# name: response_obj
# type: matrix
# rows: 1
# columns: 32
 0 1 0 0 0 1 1 0 1 1 1 0 0 1 1 0 0 1 0 1 1 1 1 1 1 0 1 0 0 1 1 0


# name: response_obj_rt
# type: matrix
# rows: 1
# columns: 32
 354.6140193939209 0.7808208465576172 706.4549922943115 853.3420562744141 1741.366147994995 485.2581024169922 692.68798828125 1765.216827392578 0.843048095703125 294.8539257049561 1216.159105300903 634.9389553070068 0.8080005645751953 974.8489856719971 438.9290809631348 2903.440952301025 370.1400756835938 0.7917881011962891 1371.7360496521 104.7999858856201 0.8449554443359375 18.32890510559082 1437.253952026367 828.0420303344727 547.8699207305908 1325.01482963562 415.4050350189209 910.5579853057861 395.1640129089355 18.28503608703613 76.00593566894531 2912.018060684204


# name: response_suj
# type: matrix
# rows: 1
# columns: 32
 0 1 1 1 1 1 1 0 1 1 1 1 1 1 1 1 1 1 1 1 1 1 1 1 1 1 1 0 0 1 1 1


# name: response_suj_rt
# type: matrix
# rows: 1
# columns: 32
 87.34703063964844 1.291036605834961 121.8290328979492 0.782012939453125 29.88409996032715 76.39408111572266 87.47506141662598 0.5218982696533203 81.68601989746094 47.80006408691406 0.7939338684082031 0.7870197296142578 0.5030632019042969 0.8111000061035156 12.43782043457031 0.5102157592773438 0.7879734039306641 75.9580135345459 0.8380413055419922 29.84714508056641 1271.080017089844 1371.201992034912 6.742954254150391 116.1961555480957 133.4760189056396 0.7860660552978516 219.5560932159424 329.1928768157959 917.3378944396973 1881.647109985352 58.75611305236816 0.7791519165039062




# name: <cell-element>
# type: scalar struct
# ndims: 2
 1 1
# length: 33
# name: priorAlphaRange
# type: range
# base, limit, increment
0 2.5 0.1


# name: prior
# type: matrix
# rows: 1
# columns: 26
 0.03846153846153846 0.03846153846153846 0.03846153846153846 0.03846153846153846 0.03846153846153846 0.03846153846153846 0.03846153846153846 0.03846153846153846 0.03846153846153846 0.03846153846153846 0.03846153846153846 0.03846153846153846 0.03846153846153846 0.03846153846153846 0.03846153846153846 0.03846153846153846 0.03846153846153846 0.03846153846153846 0.03846153846153846 0.03846153846153846 0.03846153846153846 0.03846153846153846 0.03846153846153846 0.03846153846153846 0.03846153846153846 0.03846153846153846


# name: pdf
# type: matrix
# rows: 1
# columns: 26
 3.166543403532623e-07 1.723766146681794e-06 8.165387964712579e-06 3.331282693505421e-05 0.0001167612717155475 0.0003527788518048748 0.0009257131540925875 0.002131518860792136 0.004359434136827712 0.008026577903176877 0.0134924202998193 0.02099357037629116 0.03060605743117381 0.04218994139596353 0.05526928553751491 0.06888374978545488 0.08155151759388077 0.09148541170077759 0.09705837646829113 0.09732433154257598 0.09233051664349437 0.08307057506772585 0.07112933578054065 0.05821094459401846 0.04574828224542903 0.03469938072325204


# name: mode
# type: scalar
1.9


# name: mean
# type: scalar
1.813508233655966


# name: sd
# type: scalar
0.383109767738723


# name: modeUniformPrior
# type: scalar
1.9


# name: meanUniformPrior
# type: scalar
1.813508233655966


# name: sdUniformPrior
# type: scalar
0.383109767738723


# name: response
# type: matrix
# rows: 1
# columns: 32
 0 0 1 0 1 1 0 0 1 0 1 1 0 0 0 1 0 1 0 0 0 1 1 1 0 1 0 0 0 1 0 1


# name: stopCriterion
# type: sq_string
# elements: 1
# length: 6
trials


# name: stopRule
# type: scalar
32


