# Created by Octave 3.6.4, Sun Mar 09 12:55:31 2014 CET <exp@Einzelzelle>
# name: PMs
# type: cell
# rows: 6
# columns: 6
# name: <cell-element>
# type: scalar struct
# ndims: 2
 1 1
# length: 33
# name: priorAlphaRange
# type: range
# base, limit, increment
0 2.5 0.1


# name: prior
# type: matrix
# rows: 1
# columns: 26
 0.03846153846153846 0.03846153846153846 0.03846153846153846 0.03846153846153846 0.03846153846153846 0.03846153846153846 0.03846153846153846 0.03846153846153846 0.03846153846153846 0.03846153846153846 0.03846153846153846 0.03846153846153846 0.03846153846153846 0.03846153846153846 0.03846153846153846 0.03846153846153846 0.03846153846153846 0.03846153846153846 0.03846153846153846 0.03846153846153846 0.03846153846153846 0.03846153846153846 0.03846153846153846 0.03846153846153846 0.03846153846153846 0.03846153846153846


# name: pdf
# type: matrix
# rows: 1
# columns: 26
 4.288792497958104e-08 1.148227018628325e-07 3.42755877485662e-07 1.12332545518999e-06 3.955241270138318e-06 1.455538813219515e-05 5.422166921923739e-05 0.000197613976513251 0.0006813717602781533 0.002155660636504023 0.00609827009855242 0.01512251226844765 0.03242303947690986 0.05961893301938664 0.09371735159377444 0.1260366702881149 0.1455894223885226 0.1453834966665404 0.1265563003881117 0.09698268620130937 0.06613865054038105 0.04060447831041378 0.02271032073769904 0.01171199702928223 0.005636181936867706 0.002560686591809832


# name: mode
# type: scalar
1.6


# name: mean
# type: scalar
1.668608945229388


# name: sd
# type: scalar
0.2722827474271419


# name: modeUniformPrior
# type: scalar
1.6


# name: meanUniformPrior
# type: scalar
1.668608945229388


# name: sdUniformPrior
# type: scalar
0.2722827474271419


# name: response
# type: matrix
# rows: 1
# columns: 32
 1 1 0 1 0 0 0 1 1 1 0 1 1 0 1 1 1 1 1 1 1 0 1 0 0 1 1 1 0 1 0 1


# name: stopCriterion
# type: sq_string
# elements: 1
# length: 6
trials


# name: stopRule
# type: scalar
32


# name: stop
# type: scalar
1


# name: PF
# type: function handle
# octaveroot: /usr
# path: /home/exp/sc/palamedes1_5_0/Palamedes/PAL_Gumbel.m
PAL_Gumbel


# name: beta
# type: scalar
0.5


# name: gamma
# type: scalar
0.1666666666666667


# name: lambda
# type: scalar
0.05


# name: xMin
# type: scalar
0


# name: xMax
# type: scalar
2.5


# name: direction
# type: scalar
-1


# name: reversal
# type: matrix
# rows: 1
# columns: 32
 0 0 1 2 3 0 0 4 0 0 5 6 0 7 8 0 0 0 0 0 0 9 10 11 0 12 0 0 13 14 15 16


# name: meanmode
# type: sq_string
# elements: 1
# length: 4
mean


# name: xCurrent
# type: scalar
1.668608945229388


# name: x
# type: matrix
# rows: 1
# columns: 32
 2.5 2.5 1.12966001641293 2.5 1.479184974193572 1.057881540026754 1.897890916267505 2.5 2.5 1.980964686341028 1.341228527924911 1.997697293150902 1.943947232491616 1.27487966113263 2.5 1.92256188427578 1.870765049523211 1.818063551361767 1.765104131789722 1.712456455195086 1.660572081072785 0.7195324957765257 0.80063794484307 0.6891664261156181 1.632660980451846 2.5 1.702608281922382 1.660654876776171 1.619907730718406 0.8943116477940447 0.8066003893299878 2.5


# name: xStaircase
# type: matrix
# rows: 1
# columns: 33
 2.5 1.186099546478885 1.12966001641293 1.535460815100743 1.479184974193572 1.778940770013377 1.897890916267505 2.054095412487159 2.017675663931499 1.980964686341028 1.920614263962455 1.997697293150902 1.943947232491616 1.887439830566315 1.953777768122487 1.92256188427578 1.870765049523211 1.818063551361767 1.765104131789722 1.712456455195086 1.660572081072785 1.609766247888263 1.650318972421535 1.594583213057809 1.632660980451846 1.722560564241807 1.702608281922382 1.660654876776171 1.619907730718406 1.697155823897022 1.653300194664994 1.684465371347886 1.668608945229388


# name: stimulus
# type: sq_string
# elements: 1
# length: 4
shoe


# name: thc_type
# type: matrix
# rows: 1
# columns: 32
 2 2 0.5 2 1 0 1 2 2 0.5 0 1 0.5 0 2 0.5 0.5 1 0.5 1 1 0 0 0 0.5 2 0.5 1 1 0 0 2


# name: run
# type: matrix
# rows: 1
# columns: 32
 1 1 1 1 1 1 1 1 1 1 1 1 1 1 1 1 1 1 1 1 1 1 1 1 1 1 1 1 1 1 1 1


# name: noise_variance
# type: matrix
# rows: 1
# columns: 32
 0 0 1.37033998358707 0 1.020815025806428 1.442118459973246 0.6021090837324947 0 0 0.5190353136589723 1.158771472075089 0.5023027068490977 0.5560527675083842 1.22512033886737 0 0.5774381157242197 0.6292349504767887 0.6819364486382329 0.734895868210278 0.7875435448049135 0.8394279189272147 1.780467504223474 1.69936205515693 1.810833573884382 0.8673390195481538 0 0.7973917180776184 0.8393451232238287 0.8800922692815942 1.605688352205955 1.693399610670012 0


# name: response_obj
# type: matrix
# rows: 1
# columns: 32
 1 1 0 1 0 0 0 1 1 1 0 1 1 0 1 1 1 1 1 1 1 0 1 0 0 1 1 1 0 1 0 1


# name: response_obj_rt
# type: matrix
# rows: 1
# columns: 32
 2428.457975387573 2153.687953948975 1386.628150939941 1933.828115463257 2161.720037460327 1353.713989257812 398.3068466186523 1660.0501537323 1556.323051452637 1060.222148895264 1543.343067169189 1232.383012771606 1117.25115776062 1602.704048156738 1237.728834152222 1254.876136779785 1285.462856292725 121.9089031219482 1200.911045074463 369.7841167449951 81.64501190185547 1174.938917160034 2443.583965301514 133.8050365447998 588.3719921112061 0.8060932159423828 127.7079582214355 0.8490085601806641 1154.6630859375 358.0479621887207 133.3489418029785 122.0569610595703


# name: response_suj
# type: matrix
# rows: 1
# columns: 32
 1 1 0 1 0 0 0 1 1 1 0 1 1 1 1 1 1 1 1 1 1 0 0 0 1 1 1 1 0 1 0 1


# name: response_suj_rt
# type: matrix
# rows: 1
# columns: 32
 3247.018098831177 3182.961940765381 415.5590534210205 41.54396057128906 58.47597122192383 0.8080005645751953 64.34798240661621 2032.963991165161 87.28814125061035 110.3270053863525 369.1260814666748 6.963968276977539 0.78582763671875 0.5080699920654297 116.6150569915771 93.16015243530273 1750.065088272095 0.7839202880859375 0.5071163177490234 0.5021095275878906 1376.178026199341 12.52508163452148 0.8351802825927734 30.17783164978027 0.7810592651367188 0.8320808410644531 1030.629873275757 0.7889270782470703 47.00994491577148 0.7810592651367188 12.5279426574707 1495.124101638794




# name: <cell-element>
# type: scalar struct
# ndims: 2
 1 1
# length: 33
# name: priorAlphaRange
# type: range
# base, limit, increment
0 2.5 0.1


# name: prior
# type: matrix
# rows: 1
# columns: 26
 0.03846153846153846 0.03846153846153846 0.03846153846153846 0.03846153846153846 0.03846153846153846 0.03846153846153846 0.03846153846153846 0.03846153846153846 0.03846153846153846 0.03846153846153846 0.03846153846153846 0.03846153846153846 0.03846153846153846 0.03846153846153846 0.03846153846153846 0.03846153846153846 0.03846153846153846 0.03846153846153846 0.03846153846153846 0.03846153846153846 0.03846153846153846 0.03846153846153846 0.03846153846153846 0.03846153846153846 0.03846153846153846 0.03846153846153846


# name: pdf
# type: matrix
# rows: 1
# columns: 26
 0.01387007886228581 0.02184977120803393 0.03301039140008041 0.04741372082649872 0.06430420650781436 0.08190360342481671 0.09748915151536254 0.1079087871461641 0.1105760317729817 0.1045971313914647 0.09130544486641171 0.07372091685005758 0.055269322368381 0.03861991615999455 0.02520806570879307 0.01537483262817328 0.008755662282442832 0.004653190727233116 0.002309817140109248 0.001073981880334938 0.0004699846413991437 0.0001948125480810627 7.70697355901356e-05 2.93416382484891e-05 1.084331452993126e-05 3.923454716513296e-06


# name: mode
# type: scalar
0.8


# name: mean
# type: scalar
0.7833332814573741


# name: sd
# type: scalar
0.3554788641089256


# name: modeUniformPrior
# type: scalar
0.8


# name: meanUniformPrior
# type: scalar
0.783333281457374


# name: sdUniformPrior
# type: scalar
0.3554788641089255


# name: response
# type: matrix
# rows: 1
# columns: 32
 1 0 1 0 1 1 0 1 1 1 1 0 1 1 1 0 1 1 0 1 1 1 1 1 0 1 1 1 1 1 1 1


# name: stopCriterion
# type: sq_string
# elements: 1
# length: 6
trials


# name: stopRule
# type: scalar
32


