# Created by Octave 3.6.4, Sun Mar 09 12:05:42 2014 CET <exp@Einzelzelle>
# name: PMs
# type: cell
# rows: 6
# columns: 6
# name: <cell-element>
# type: scalar struct
# ndims: 2
 1 1
# length: 33
# name: priorAlphaRange
# type: range
# base, limit, increment
0 2.5 0.1


# name: prior
# type: matrix
# rows: 1
# columns: 26
 0.03846153846153846 0.03846153846153846 0.03846153846153846 0.03846153846153846 0.03846153846153846 0.03846153846153846 0.03846153846153846 0.03846153846153846 0.03846153846153846 0.03846153846153846 0.03846153846153846 0.03846153846153846 0.03846153846153846 0.03846153846153846 0.03846153846153846 0.03846153846153846 0.03846153846153846 0.03846153846153846 0.03846153846153846 0.03846153846153846 0.03846153846153846 0.03846153846153846 0.03846153846153846 0.03846153846153846 0.03846153846153846 0.03846153846153846


# name: pdf
# type: matrix
# rows: 1
# columns: 26
 0.02992994810365102 0.02995787436022724 0.0300364409097953 0.0302318561234509 0.03066758200893069 0.03155006640362818 0.0331934940235016 0.03603710038847557 0.04063860528944217 0.04759700812490591 0.05730789773281379 0.06944477141149862 0.08224475785517832 0.09215288348757905 0.09474398430730786 0.08715202657001954 0.07042730835487587 0.0494382641504585 0.03000056194092383 0.01574509869995613 0.007180779082794987 0.002868755357527932 0.001014495071080954 0.000321455655310738 9.248539179798985e-05 2.44991948674242e-05


# name: mode
# type: scalar
1.4


# name: mean
# type: scalar
1.086450014775831


# name: sd
# type: scalar
0.5039770071593057


# name: modeUniformPrior
# type: scalar
1.4


# name: meanUniformPrior
# type: scalar
1.086450014775832


# name: sdUniformPrior
# type: scalar
0.5039770071593058


# name: response
# type: matrix
# rows: 1
# columns: 32
 1 1 1 1 1 0 0 1 1 1 1 1 1 1 1 1 1 1 1 0 1 1 1 1 1 1 1 1 1 1 1 1


# name: stopCriterion
# type: sq_string
# elements: 1
# length: 6
trials


# name: stopRule
# type: scalar
32


# name: stop
# type: scalar
1


# name: PF
# type: function handle
# octaveroot: /usr
# path: /home/exp/sc/palamedes1_5_0/Palamedes/PAL_Gumbel.m
PAL_Gumbel


# name: beta
# type: scalar
0.5


# name: gamma
# type: scalar
0.1666666666666667


# name: lambda
# type: scalar
0.05


# name: xMin
# type: scalar
0


# name: xMax
# type: scalar
2.5


# name: direction
# type: scalar
-1


# name: reversal
# type: matrix
# rows: 1
# columns: 32
 0 0 0 0 0 1 0 2 0 0 0 0 0 0 0 0 0 0 0 3 4 0 0 0 0 0 0 0 0 0 0 0


# name: meanmode
# type: sq_string
# elements: 1
# length: 4
mean


# name: xCurrent
# type: scalar
1.086450014775831


# name: x
# type: matrix
# rows: 1
# columns: 32
 2.099174693077958 2.5 2.5 2.5 2.199381019808468 2.099174693077958 2.199381019808468 2.299587346538979 2.5 2.099174693077958 2.099174693077958 2.299587346538979 2.299587346538979 2.299587346538979 2.5 2.5 2.199381019808468 2.099174693077958 2.099174693077958 2.099174693077958 2.199381019808468 2.299587346538979 2.299587346538979 2.099174693077958 2.5 2.199381019808468 2.5 2.199381019808468 2.199381019808468 2.299587346538979 2.299587346538979 2.199381019808468


# name: xStaircase
# type: matrix
# rows: 1
# columns: 33
 2.099174693077958 1.13592988076442 1.08352536141861 1.037880647009921 0.998224091091337 0.9398676550228408 1.40059369939666 1.819856915521492 1.749841613832978 1.698087010505989 1.610915906613656 1.525678875399341 1.464027462690894 1.406501043460643 1.353220098114239 1.319475630428069 1.288285564937239 1.237132401947251 1.181644388711333 1.130817149291646 1.453757519394755 1.408186501029781 1.371886641237354 1.337637478036895 1.29153809151831 1.272124311198289 1.23692233107303 1.219893116502734 1.187853962081994 1.157523579405366 1.134452964177838 1.112567402282005 1.086450014775831


# name: stimulus
# type: sq_string
# elements: 1
# length: 4
fish


# name: thc_type
# type: matrix
# rows: 1
# columns: 32
 0 2 2 2 0.5 0 0.5 1 2 0 0 1 1 1 2 2 0.5 0 0 0 0.5 1 1 0 2 0.5 2 0.5 0.5 1 1 0.5


# name: run
# type: matrix
# rows: 1
# columns: 32
 2 2 2 2 2 2 2 2 2 2 2 2 2 2 2 2 2 2 2 2 2 2 2 2 2 2 2 2 2 2 2 2


# name: noise_variance
# type: matrix
# rows: 1
# columns: 32
 0.4008253069220418 0 0 0 0.3006189801915313 0.4008253069220418 0.3006189801915313 0.2004126534610209 0 0.4008253069220418 0.4008253069220418 0.2004126534610209 0.2004126534610209 0.2004126534610209 0 0 0.3006189801915313 0.4008253069220418 0.4008253069220418 0.4008253069220418 0.3006189801915313 0.2004126534610209 0.2004126534610209 0.4008253069220418 0 0.3006189801915313 0 0.3006189801915313 0.3006189801915313 0.2004126534610209 0.2004126534610209 0.3006189801915313


# name: response_obj
# type: matrix
# rows: 1
# columns: 32
 1 1 1 1 1 0 0 1 1 1 1 1 1 1 1 1 1 1 1 0 1 1 1 1 1 1 1 1 1 1 1 1


# name: response_obj_rt
# type: matrix
# rows: 1
# columns: 32
 2414.81614112854 962.2340202331543 859.2538833618164 323.7528800964355 358.0379486083984 1808.397054672241 644.9568271636963 639.7309303283691 323.1191635131836 116.4500713348389 271.981954574585 289.1380786895752 633.9571475982666 305.9499263763428 300.2219200134277 334.6610069274902 386.1048221588135 363.5909557342529 185.72998046875 110.5639934539795 502.0530223846436 427.2658824920654 317.2280788421631 334.6889019012451 323.6081600189209 404.3879508972168 346.5480804443359 346.1201190948486 438.5430812835693 266.8330669403076 318.1281089782715 352.0290851593018


# name: response_suj
# type: matrix
# rows: 1
# columns: 32
 0 1 1 1 1 0 0 1 1 1 1 1 1 1 1 1 1 1 1 0 1 1 1 1 1 1 1 1 1 1 1 1


# name: response_suj_rt
# type: matrix
# rows: 1
# columns: 32
 478.1560897827148 346.2729454040527 910.0539684295654 432.610034942627 271.7468738555908 768.9681053161621 581.9289684295654 570.0199604034424 466.7840003967285 410.1729393005371 438.5159015655518 311.9568824768066 686.7959499359131 457.8127861022949 7013.78321647644 375.018835067749 472.7311134338379 507.2891712188721 421.7789173126221 116.196870803833 576.6801834106445 461.338996887207 323.1251239776611 340.9719467163086 179.8028945922852 317.6419734954834 398.1239795684814 553.8020133972168 367.088794708252 348.3500480651855 277.245044708252 375.0989437103271




# name: <cell-element>
# type: scalar struct
# ndims: 2
 1 1
# length: 33
# name: priorAlphaRange
# type: range
# base, limit, increment
0 2.5 0.1


# name: prior
# type: matrix
# rows: 1
# columns: 26
 0.03846153846153846 0.03846153846153846 0.03846153846153846 0.03846153846153846 0.03846153846153846 0.03846153846153846 0.03846153846153846 0.03846153846153846 0.03846153846153846 0.03846153846153846 0.03846153846153846 0.03846153846153846 0.03846153846153846 0.03846153846153846 0.03846153846153846 0.03846153846153846 0.03846153846153846 0.03846153846153846 0.03846153846153846 0.03846153846153846 0.03846153846153846 0.03846153846153846 0.03846153846153846 0.03846153846153846 0.03846153846153846 0.03846153846153846


# name: pdf
# type: matrix
# rows: 1
# columns: 26
 1.166230138024505e-09 4.812335669079575e-09 2.25734778727498e-08 1.154351212273997e-07 6.15364243553272e-07 3.272105057392693e-06 1.665580878520096e-05 7.824635430288386e-05 0.0003290262159616094 0.001209609141533332 0.003825470022037572 0.01030985844260137 0.02358658216013733 0.04582375291411053 0.07586960143228395 0.1076809738479027 0.1320056931658098 0.1410197831212809 0.1325795380109085 0.110857990683508 0.08335738411333583 0.05700516186980845 0.03586014429403421 0.02098572323296933 0.01155104609011711 0.006043727622105625


# name: mode
# type: scalar
1.7


# name: mean
# type: scalar
1.728831561221876


# name: sd
# type: scalar
0.2828690193770998


# name: modeUniformPrior
# type: scalar
1.7


# name: meanUniformPrior
# type: scalar
1.728831561221876


# name: sdUniformPrior
# type: scalar
0.2828690193770998


# name: response
# type: matrix
# rows: 1
# columns: 32
 1 0 0 0 0 0 0 1 1 1 0 0 1 1 1 1 0 1 0 0 0 1 1 1 1 0 1 1 1 1 1 1


# name: stopCriterion
# type: sq_string
# elements: 1
# length: 6
trials


# name: stopRule
# type: scalar
32


