# Created by Octave 3.6.4, Sun Mar 09 11:26:49 2014 CET <exp@Einzelzelle>
# name: PMs
# type: cell
# rows: 6
# columns: 6
# name: <cell-element>
# type: scalar struct
# ndims: 2
 1 1
# length: 33
# name: priorAlphaRange
# type: range
# base, limit, increment
0 2.5 0.1


# name: prior
# type: matrix
# rows: 1
# columns: 26
 0.03846153846153846 0.03846153846153846 0.03846153846153846 0.03846153846153846 0.03846153846153846 0.03846153846153846 0.03846153846153846 0.03846153846153846 0.03846153846153846 0.03846153846153846 0.03846153846153846 0.03846153846153846 0.03846153846153846 0.03846153846153846 0.03846153846153846 0.03846153846153846 0.03846153846153846 0.03846153846153846 0.03846153846153846 0.03846153846153846 0.03846153846153846 0.03846153846153846 0.03846153846153846 0.03846153846153846 0.03846153846153846 0.03846153846153846


# name: pdf
# type: matrix
# rows: 1
# columns: 26
 4.014288352484437e-11 5.59632914077778e-11 8.185734303939644e-11 1.261730363642421e-10 2.064719838774297e-10 3.632732219948306e-10 7.009025254602544e-10 1.523621928891281e-09 3.849157606054011e-09 1.161264812399842e-08 4.236472657810128e-08 1.847251031420098e-07 9.261338546830118e-07 5.027580360310109e-06 2.756302031133516e-05 0.0001427290909832036 0.0006603641556505582 0.002621397091317946 0.008701814219612509 0.02384331470776094 0.05375664059699353 0.1001269671245742 0.1554609275395695 0.2036801362146202 0.2283989791167253 0.2225729677576241


# name: mode
# type: scalar
2.4


# name: mean
# type: scalar
2.299587346538979


# name: sd
# type: scalar
0.1701833958301384


# name: modeUniformPrior
# type: scalar
2.4


# name: meanUniformPrior
# type: scalar
2.299587346538979


# name: sdUniformPrior
# type: scalar
0.1701833958301384


# name: response
# type: matrix
# rows: 1
# columns: 32
 1 0 0 0 0 0 1 1 1 1 0 0 0 0 0 1 0 0 1 1 1 1 1 1 0 0 1 1 1 1 1 1


# name: stopCriterion
# type: sq_string
# elements: 1
# length: 6
trials


# name: stopRule
# type: scalar
32


# name: stop
# type: scalar
1


# name: PF
# type: function handle
# octaveroot: /usr
# path: /home/exp/sc/palamedes1_5_0/Palamedes/PAL_Gumbel.m
PAL_Gumbel


# name: beta
# type: scalar
0.5


# name: gamma
# type: scalar
0.1666666666666667


# name: lambda
# type: scalar
0.05


# name: xMin
# type: scalar
0


# name: xMax
# type: scalar
2.5


# name: direction
# type: scalar
-1


# name: reversal
# type: matrix
# rows: 1
# columns: 32
 0 1 0 0 0 0 2 0 0 0 3 0 0 0 0 4 5 0 6 0 0 0 0 0 7 0 8 0 0 0 0 0


# name: meanmode
# type: sq_string
# elements: 1
# length: 4
mean


# name: xCurrent
# type: scalar
2.299587346538979


# name: x
# type: matrix
# rows: 1
# columns: 32
 2.5 1.186099546478885 0.720598124474582 1.774454931280591 1.507068390015054 2.104056135670887 2.206327230817039 2.5 1.784079918835971 2.5 2.058928905390764 2.155360152579604 2.226737338177927 2.280178502956872 2.320709776566063 2.203791488670385 2.338335291137824 2.230213611160681 2.5 2.5 2.5 2.5 2.195175529136059 2.169420426890783 2.32065769048485 2.195768255174345 2.367520746910136 2.35780595031842 2.347382451625315 2.5 2.325600832428912 2.312991728675257


# name: xStaircase
# type: matrix
# rows: 1
# columns: 33
 2.5 1.186099546478885 1.610299062237291 1.774454931280591 2.003534195007527 2.104056135670887 2.206327230817039 2.171147473938695 2.142039959417986 2.091499158968495 2.058928905390764 2.155360152579604 2.226737338177927 2.280178502956872 2.320709776566063 2.351895744335192 2.338335291137824 2.365106805580341 2.384052377401128 2.375807499640031 2.366994389452213 2.357593070643046 2.34758776456803 2.334710213445391 2.32065769048485 2.347884127587172 2.367520746910136 2.35780595031842 2.347382451625315 2.336219275580239 2.325600832428912 2.312991728675257 2.299587346538979


# name: stimulus
# type: sq_string
# elements: 1
# length: 4
fish


# name: thc_type
# type: matrix
# rows: 1
# columns: 32
 2 0.5 0 0.5 0 1 1 2 0 2 0.5 1 1 0.5 1 0 1 0 2 2 2 2 0 0 0.5 0 0.5 1 0.5 2 1 0.5


# name: run
# type: matrix
# rows: 1
# columns: 32
 1 1 1 1 1 1 1 1 1 1 1 1 1 1 1 1 1 1 1 1 1 1 1 1 1 1 1 1 1 1 1 1


# name: noise_variance
# type: matrix
# rows: 1
# columns: 32
 0 1.313900453521115 1.779401875525418 0.7255450687194094 0.9929316099849457 0.3959438643291131 0.2936727691829608 0 0.7159200811640289 0 0.4410710946092364 0.3446398474203964 0.2732626618220735 0.219821497043128 0.1792902234339366 0.2962085113296151 0.1616647088621761 0.2697863888393188 0 0 0 0 0.3048244708639407 0.3305795731092172 0.1793423095151501 0.3042317448256551 0.1324792530898642 0.1421940496815797 0.1526175483746846 0 0.1743991675710879 0.1870082713247427


# name: response_obj
# type: matrix
# rows: 1
# columns: 32
 1 0 0 0 0 0 1 1 1 1 0 0 0 0 0 1 0 0 1 1 1 1 1 1 0 0 1 1 1 1 1 1


# name: response_obj_rt
# type: matrix
# rows: 1
# columns: 32
 7533.015966415405 5005.92303276062 1734.354019165039 1567.260026931763 1542.024850845337 3873.180866241455 6624.042987823486 3876.986980438232 2675.652027130127 2618.556022644043 711.0278606414795 2948.055028915405 1566.950082778931 1488.330125808716 1754.561185836792 1425.589084625244 3277.646780014038 1869.284152984619 705.3699493408203 1142.022848129272 823.3089447021484 1156.633853912354 910.5989933013916 3315.231084823608 3285.396099090576 1301.100015640259 1507.974863052368 363.7988567352295 308.7050914764404 467.3829078674316 348.336935043335 437.9141330718994


# name: response_suj
# type: matrix
# rows: 1
# columns: 32
 1 0 0 0 0 0 0 1 0 1 0 1 0 1 0 0 1 0 1 1 1 1 1 1 1 0 1 1 1 1 1 1


# name: response_suj_rt
# type: matrix
# rows: 1
# columns: 32
 3935.827016830444 4428.051948547363 1323.070049285889 1570.721864700317 1323.54998588562 3022.974014282227 2055.706977844238 817.2359466552734 1617.480993270874 771.4898586273193 777.6219844818115 800.8999824523926 898.4639644622803 723.7401008605957 455.4789066314697 1110.927104949951 593.6369895935059 1271.907091140747 3813.119173049927 2174.39603805542 1196.960926055908 1110.675096511841 1395.385026931763 553.3139705657959 306.1800003051758 1070.46103477478 1263.554096221924 1128.847122192383 466.8600559234619 616.6088581085205 449.7790336608887 526.8888473510742




# name: <cell-element>
# type: scalar struct
# ndims: 2
 1 1
# length: 33
# name: priorAlphaRange
# type: range
# base, limit, increment
0 2.5 0.1


# name: prior
# type: matrix
# rows: 1
# columns: 26
 0.03846153846153846 0.03846153846153846 0.03846153846153846 0.03846153846153846 0.03846153846153846 0.03846153846153846 0.03846153846153846 0.03846153846153846 0.03846153846153846 0.03846153846153846 0.03846153846153846 0.03846153846153846 0.03846153846153846 0.03846153846153846 0.03846153846153846 0.03846153846153846 0.03846153846153846 0.03846153846153846 0.03846153846153846 0.03846153846153846 0.03846153846153846 0.03846153846153846 0.03846153846153846 0.03846153846153846 0.03846153846153846 0.03846153846153846


# name: pdf
# type: matrix
# rows: 1
# columns: 26
 2.383046786947811e-08 6.668620216057848e-08 2.08179171387267e-07 7.175984185725911e-07 2.678710789264918e-06 1.051685218758771e-05 4.184792287615361e-05 0.0001620577283288253 0.0005874446953893992 0.001928317888186655 0.005589143373886482 0.01406056377193801 0.0303909863732496 0.05618432624092322 0.08882498683089737 0.1204606277058931 0.1409168032899082 0.1432617279158123 0.1277082741978278 0.1008257590787491 0.07126285793543666 0.04560185539228374 0.02672534734984786 0.01451083305692755 0.007382934108925558 0.003559093285475392


# name: mode
# type: scalar
1.7


# name: mean
# type: scalar
1.685493804916664


# name: sd
# type: scalar
0.2777846805298343


# name: modeUniformPrior
# type: scalar
1.7


# name: meanUniformPrior
# type: scalar
1.685493804916665


# name: sdUniformPrior
# type: scalar
0.2777846805298342


# name: response
# type: matrix
# rows: 1
# columns: 32
 1 0 1 1 0 1 1 0 1 1 0 0 0 0 1 1 1 1 0 1 1 0 1 1 1 1 0 0 1 0 1 1


# name: stopCriterion
# type: sq_string
# elements: 1
# length: 6
trials


# name: stopRule
# type: scalar
32


