# Created by Octave 3.8.1, Thu Mar 20 16:37:23 2014 UTC <exp@verleihnix>
# name: PMs
# type: cell
# rows: 6
# columns: 6
# name: <cell-element>
# type: scalar struct
# ndims: 2
 1 1
# length: 33
# name: priorAlphaRange
# type: range
# base, limit, increment
0 2.5 0.1


# name: prior
# type: matrix
# rows: 1
# columns: 26
 0.03846153846153846 0.03846153846153846 0.03846153846153846 0.03846153846153846 0.03846153846153846 0.03846153846153846 0.03846153846153846 0.03846153846153846 0.03846153846153846 0.03846153846153846 0.03846153846153846 0.03846153846153846 0.03846153846153846 0.03846153846153846 0.03846153846153846 0.03846153846153846 0.03846153846153846 0.03846153846153846 0.03846153846153846 0.03846153846153846 0.03846153846153846 0.03846153846153846 0.03846153846153846 0.03846153846153846 0.03846153846153846 0.03846153846153846


# name: pdf
# type: matrix
# rows: 1
# columns: 26
 5.178235581377563e-07 6.879035479084964e-07 1.021697904461777e-06 1.716804459737531e-06 3.271461916613395e-06 7.008433384532696e-06 1.655375043971978e-05 4.191471443876038e-05 0.0001101336540752 0.0002909934540799943 0.0007534924288584089 0.001877995786139369 0.004451913532773376 0.009935811357663868 0.02061370782813876 0.03910141990681062 0.06656083809540253 0.09995548643348501 0.1307734874270083 0.1480952264840123 0.1450935700406485 0.1235399561907476 0.09218080929175577 0.0609413560276137 0.03614946116248621 0.01950164830865058


# name: mode
# type: scalar
1.9


# name: mean
# type: scalar
1.93027598469919


# name: sd
# type: scalar
0.2653347666096139


# name: modeUniformPrior
# type: scalar
1.9


# name: meanUniformPrior
# type: scalar
1.93027598469919


# name: sdUniformPrior
# type: scalar
0.2653347666096139


# name: response
# type: matrix
# rows: 1
# columns: 32
 0 0 0 0 0 1 1 1 1 1 1 1 1 1 1 1 0 1 0 1 1 0 1 1 1 1 1 1 1 0 0 1


# name: stopCriterion
# type: sq_string
# elements: 1
# length: 6
trials


# name: stopRule
# type: scalar
32


# name: stop
# type: scalar
1


# name: PF
# type: function handle
# octaveroot: /usr
# path: /home/exp/sc/palamedes1_5_0/Palamedes/PAL_Gumbel.m
PAL_Gumbel


# name: beta
# type: scalar
0.5


# name: gamma
# type: scalar
0.1666666666666667


# name: lambda
# type: scalar
0.05


# name: xMin
# type: scalar
0


# name: xMax
# type: scalar
2.5


# name: direction
# type: scalar
-1


# name: reversal
# type: matrix
# rows: 1
# columns: 32
 0 0 0 0 0 1 0 0 0 0 0 0 0 0 0 0 2 3 4 5 0 6 7 0 0 0 0 0 0 8 0 9


# name: meanmode
# type: sq_string
# elements: 1
# length: 4
mean


# name: xCurrent
# type: scalar
1.93027598469919


# name: x
# type: matrix
# rows: 1
# columns: 32
 1.250000000000001 1.690097790025086 2.5 1.850999310642214 2.5 2.13791810677164 2.297415985258536 2.050683548330181 2.246830534028433 1.936402511772643 2.180358412431255 1.786703509941593 2.093366475899606 2.046037876381356 1.993933079157505 2.5 2.5 2.063229144042564 1.535503803329949 2.083090634987596 2.5 1.531898881784028 2.5 2.046113277392178 2.008672821901801 1.969714148028186 1.929449970104919 2.5 2.5 1.841872245001763 1.345605345907621 1.963707253697775


# name: xStaircase
# type: matrix
# rows: 1
# columns: 33
 1.250000000000001 1.690097790025086 1.978764206990401 2.175499655321107 2.250299460127727 2.31895905338582 2.297415985258536 2.27534177416509 2.246830534028433 2.218201255886322 2.180358412431255 2.143351754970797 2.093366475899606 2.046037876381356 1.993933079157505 1.937036261302968 1.902082698147447 2.063229144042564 2.017751901664974 2.083090634987596 2.043635519277826 2.015949440892014 2.071302294963164 2.046113277392178 2.008672821901801 1.969714148028186 1.929449970104919 1.888089833142128 1.864535453525879 1.841872245001763 1.922802672953811 1.963707253697775 1.93027598469919


# name: stimulus
# type: sq_string
# elements: 1
# length: 6
bucket


# name: thc_type
# type: matrix
# rows: 1
# columns: 32
 1 1 2 0 2 0 0.5 0 1 0 1 0 0.5 1 0.5 2 2 1 0 0.5 2 0 2 1 0.5 0.5 1 2 2 0.5 0 0.5


# name: run
# type: matrix
# rows: 1
# columns: 32
 1 1 1 1 1 1 1 1 1 1 1 1 1 1 1 1 1 1 1 1 1 1 1 1 1 1 1 1 1 1 1 1


# name: noise_variance
# type: matrix
# rows: 1
# columns: 32
 1.249999999999999 0.8099022099749138 0 0.649000689357786 0 0.3620818932283596 0.2025840147414639 0.4493164516698194 0.2531694659715673 0.5635974882273569 0.3196415875687455 0.7132964900584069 0.4066335241003944 0.4539621236186435 0.5060669208424955 0 0 0.4367708559574357 0.9644961966700514 0.4169093650124038 0 0.968101118215972 0 0.4538867226078223 0.4913271780981994 0.5302858519718141 0.5705500298950812 0 0 0.6581277549982365 1.154394654092379 0.5362927463022249


# name: response_obj
# type: matrix
# rows: 1
# columns: 32
 0 0 0 0 0 1 1 1 1 1 1 1 1 1 1 1 0 1 0 1 1 0 1 1 1 1 1 1 1 0 0 1


# name: response_obj_rt
# type: matrix
# rows: 1
# columns: 32
 1520.16282081604 1034.886121749878 26563.84086608887 1012.434005737305 1464.635133743286 1683.650970458984 1856.061935424805 979.9890518188477 926.3770580291748 343.6148166656494 266.6521072387695 873.9469051361084 776.202917098999 680.2160739898682 1346.449136734009 686.7611408233643 5670.64905166626 1021.110057830811 301.487922668457 889.9238109588623 730.6969165802002 1391.67594909668 761.6341114044189 924.4551658630371 801.6848564147949 111.4649772644043 57.2810173034668 545.4070568084717 210.460901260376 878.0958652496338 0.6899833679199219 136.6031169891357


# name: response_suj
# type: matrix
# rows: 1
# columns: 32
 0 0 0 0 0 1 1 1 1 1 1 1 1 1 1 1 0 1 0 1 1 0 1 1 1 1 1 1 1 0 0 1


# name: response_suj_rt
# type: matrix
# rows: 1
# columns: 32
 627.4571418762207 617.2511577606201 487.9610538482666 1377.640962600708 430.6459426879883 940.7610893249512 158.9970588684082 876.2881755828857 368.7689304351807 210.345983505249 595.2160358428955 771.1551189422607 684.5660209655762 578.0000686645508 504.8069953918457 324.6619701385498 302.8988838195801 906.9881439208984 520.380973815918 351.8178462982178 489.3739223480225 250.0720024108887 459.7599506378174 149.2030620574951 105.8909893035889 291.3839817047119 300.8849620819092 561.5839958190918 527.3017883300781 470.1058864593506 1078.836917877197 290.0938987731934




# name: <cell-element>
# type: scalar struct
# ndims: 2
 1 1
# length: 33
# name: priorAlphaRange
# type: range
# base, limit, increment
0 2.5 0.1


# name: prior
# type: matrix
# rows: 1
# columns: 26
 0.03846153846153846 0.03846153846153846 0.03846153846153846 0.03846153846153846 0.03846153846153846 0.03846153846153846 0.03846153846153846 0.03846153846153846 0.03846153846153846 0.03846153846153846 0.03846153846153846 0.03846153846153846 0.03846153846153846 0.03846153846153846 0.03846153846153846 0.03846153846153846 0.03846153846153846 0.03846153846153846 0.03846153846153846 0.03846153846153846 0.03846153846153846 0.03846153846153846 0.03846153846153846 0.03846153846153846 0.03846153846153846 0.03846153846153846


# name: pdf
# type: matrix
# rows: 1
# columns: 26
 4.612070930006991e-08 5.320514269083097e-08 6.464465848135131e-08 8.347944925207611e-08 1.158328482574399e-07 1.751032212910006e-07 2.931709890972715e-07 5.527258520779066e-07 1.187740468455172e-06 2.917597635483579e-06 8.118718593733938e-06 2.505352432350139e-05 8.30339151071693e-05 0.0002838512651912101 0.0009564157672671959 0.003033775828251241 0.008690900092499202 0.02174871541289876 0.04645550486581949 0.08359962907286665 0.1262022400580546 0.1602342694212091 0.1724228545607243 0.1590070111336817 0.1273531405225522 0.08988999621998574


# name: mode
# type: scalar
2.2


# name: mean
# type: scalar
2.164051126466392


# name: sd
# type: scalar
0.2147554978927896


# name: modeUniformPrior
# type: scalar
2.2


# name: meanUniformPrior
# type: scalar
2.164051126466393


# name: sdUniformPrior
# type: scalar
0.2147554978927896


# name: response
# type: matrix
# rows: 1
# columns: 32
 0 0 0 0 0 0 0 1 1 1 1 1 1 1 1 1 0 1 0 1 1 1 0 1 1 0 1 1 1 1 1 1


# name: stopCriterion
# type: sq_string
# elements: 1
# length: 6
trials


