# Created by Octave 3.8.1, Thu Mar 20 17:19:00 2014 UTC <exp@verleihnix>
# name: PMs
# type: cell
# rows: 6
# columns: 6
# name: <cell-element>
# type: scalar struct
# ndims: 2
 1 1
# length: 33
# name: priorAlphaRange
# type: range
# base, limit, increment
0 2.5 0.1


# name: prior
# type: matrix
# rows: 1
# columns: 26
 0.03846153846153846 0.03846153846153846 0.03846153846153846 0.03846153846153846 0.03846153846153846 0.03846153846153846 0.03846153846153846 0.03846153846153846 0.03846153846153846 0.03846153846153846 0.03846153846153846 0.03846153846153846 0.03846153846153846 0.03846153846153846 0.03846153846153846 0.03846153846153846 0.03846153846153846 0.03846153846153846 0.03846153846153846 0.03846153846153846 0.03846153846153846 0.03846153846153846 0.03846153846153846 0.03846153846153846 0.03846153846153846 0.03846153846153846


# name: pdf
# type: matrix
# rows: 1
# columns: 26
 4.382587618691463e-07 7.236302548108835e-07 1.437951290107276e-06 3.442761894401481e-06 9.717525569082992e-06 3.103437881555565e-05 0.0001063339350789589 0.0003692675937389847 0.001232387976657422 0.003780033233335593 0.01029807250977921 0.02433052240852467 0.04910579449793136 0.08398776633570265 0.1214202354117234 0.1486173064969949 0.1547628228783617 0.1381294851977265 0.1066526600210046 0.07201123483616488 0.04302381039681411 0.02303243968091098 0.01119199113925824 0.005001271020751962 0.002082019880091516 0.0008177500428623875


# name: mode
# type: scalar
1.6


# name: mean
# type: scalar
1.591637057529522


# name: sd
# type: scalar
0.2604478166226395


# name: modeUniformPrior
# type: scalar
1.6


# name: meanUniformPrior
# type: scalar
1.591637057529522


# name: sdUniformPrior
# type: scalar
0.2604478166226395


# name: response
# type: matrix
# rows: 1
# columns: 32
 1 0 1 1 1 1 0 1 1 0 0 0 1 1 1 0 0 1 1 1 1 1 0 1 1 1 1 1 1 1 0 1


# name: stopCriterion
# type: sq_string
# elements: 1
# length: 6
trials


# name: stopRule
# type: scalar
32


# name: stop
# type: scalar
1


# name: PF
# type: function handle
# octaveroot: /usr
# path: /home/exp/sc/palamedes1_5_0/Palamedes/PAL_Gumbel.m
PAL_Gumbel


# name: beta
# type: scalar
0.5


# name: gamma
# type: scalar
0.1666666666666667


# name: lambda
# type: scalar
0.05


# name: xMin
# type: scalar
0


# name: xMax
# type: scalar
2.5


# name: direction
# type: scalar
-1


# name: reversal
# type: matrix
# rows: 1
# columns: 32
 0 1 2 0 0 0 3 4 0 5 0 0 6 0 0 7 0 8 0 0 0 0 9 10 0 0 0 0 0 0 11 12


# name: meanmode
# type: sq_string
# elements: 1
# length: 4
mean


# name: xCurrent
# type: scalar
1.591637057529522


# name: x
# type: matrix
# rows: 1
# columns: 32
 1.93027598469919 1.36055196939838 2.5 2.5 2.5 1.93027598469919 1.36055196939838 2.5 2.5 1.645413977048785 1.36055196939838 1.645413977048785 1.93027598469919 1.36055196939838 2.5 1.36055196939838 1.645413977048785 1.93027598469919 2.5 1.645413977048785 1.93027598469919 1.93027598469919 1.36055196939838 1.645413977048785 2.5 1.645413977048785 1.645413977048785 1.36055196939838 1.645413977048785 1.93027598469919 1.36055196939838 1.93027598469919


# name: xStaircase
# type: matrix
# rows: 1
# columns: 33
 1.93027598469919 1.11197041819208 1.588485968801646 1.528634003590923 1.473249897188958 1.422550398666832 1.321091767232445 1.613003746017121 1.571245683902313 1.532756582881393 1.748015559943715 1.860508167947361 1.966962284585684 1.912255137398162 1.844899163387035 1.813877245242813 1.888647389192679 1.97001721438434 1.923679386016291 1.896336820986332 1.845401309541834 1.801636287417549 1.759635469779119 1.819293514976818 1.773896361386178 1.753388999445757 1.7111797955663 1.67072609620334 1.627923078164856 1.590984833138048 1.562439546320495 1.618926830731333 1.591637057529522


# name: stimulus
# type: sq_string
# elements: 1
# length: 6
bucket


# name: thc_type
# type: matrix
# rows: 1
# columns: 32
 1 0 2 2 2 1 0 2 2 0.5 0 0.5 1 0 2 0 0.5 1 2 0.5 1 1 0 0.5 2 0.5 0.5 0 0.5 1 0 1


# name: run
# type: matrix
# rows: 1
# columns: 32
 2 2 2 2 2 2 2 2 2 2 2 2 2 2 2 2 2 2 2 2 2 2 2 2 2 2 2 2 2 2 2 2


# name: noise_variance
# type: matrix
# rows: 1
# columns: 32
 0.5697240153008098 1.13944803060162 0 0 0 0.5697240153008098 1.13944803060162 0 0 0.8545860229512148 1.13944803060162 0.8545860229512148 0.5697240153008098 1.13944803060162 0 1.13944803060162 0.8545860229512148 0.5697240153008098 0 0.8545860229512148 0.5697240153008098 0.5697240153008098 1.13944803060162 0.8545860229512148 0 0.8545860229512148 0.8545860229512148 1.13944803060162 0.8545860229512148 0.5697240153008098 1.13944803060162 0.5697240153008098


# name: response_obj
# type: matrix
# rows: 1
# columns: 32
 1 0 1 1 1 1 0 1 1 0 0 0 1 1 1 0 0 1 1 1 1 1 0 1 1 1 1 1 1 1 0 1


# name: response_obj_rt
# type: matrix
# rows: 1
# columns: 32
 4469.960927963257 1152.107000350952 760.1778507232666 527.4970531463623 794.8040962219238 822.7810859680176 1817.095994949341 0.6830692291259766 0.7038116455078125 1450.670957565308 1230.983018875122 2724.020004272461 79.24604415893555 677.7307987213135 255.3510665893555 1450.295209884644 2188.724994659424 351.621150970459 0.7069110870361328 516.0551071166992 16.80994033813477 486.2360954284668 6290.66801071167 630.1119327545166 0.5028247833251953 1130.146026611328 980.6900024414062 443.6838626861572 897.4959850311279 624.4478225708008 743.8349723815918 0.5030632019042969


# name: response_suj
# type: matrix
# rows: 1
# columns: 32
 0 0 1 1 1 1 0 1 1 0 1 0 1 1 1 0 0 1 1 1 1 1 0 1 1 1 1 1 1 1 0 1


# name: response_suj_rt
# type: matrix
# rows: 1
# columns: 32
 377.4371147155762 464.9050235748291 466.1791324615479 538.8219356536865 561.5060329437256 403.0261039733887 209.2161178588867 428.9798736572266 456.1700820922852 266.8662071228027 163.5811328887939 238.8958930969238 335.7169628143311 474.5721817016602 399.7061252593994 578.2690048217773 283.2648754119873 363.3720874786377 465.0020599365234 311.8751049041748 537.1749401092529 731.8248748779297 605.2689552307129 615.6420707702637 1554.105997085571 776.4739990234375 607.5708866119385 732.9599857330322 742.9540157318115 461.4410400390625 423.6359596252441 505.3319931030273




# name: <cell-element>
# type: scalar struct
# ndims: 2
 1 1
# length: 33
# name: priorAlphaRange
# type: range
# base, limit, increment
0 2.5 0.1


# name: prior
# type: matrix
# rows: 1
# columns: 26
 0.03846153846153846 0.03846153846153846 0.03846153846153846 0.03846153846153846 0.03846153846153846 0.03846153846153846 0.03846153846153846 0.03846153846153846 0.03846153846153846 0.03846153846153846 0.03846153846153846 0.03846153846153846 0.03846153846153846 0.03846153846153846 0.03846153846153846 0.03846153846153846 0.03846153846153846 0.03846153846153846 0.03846153846153846 0.03846153846153846 0.03846153846153846 0.03846153846153846 0.03846153846153846 0.03846153846153846 0.03846153846153846 0.03846153846153846


# name: pdf
# type: matrix
# rows: 1
# columns: 26
 3.660079587683496e-05 3.755736644423928e-05 3.963094234066984e-05 4.386917395153616e-05 5.227134531894776e-05 6.893532447967626e-05 0.0001029792100510623 0.000176141093780985 0.0003426221920121164 0.0007395160221180719 0.00170564957109281 0.004023230882594699 0.009289435479115669 0.02018184362883894 0.03990057887095365 0.06989960706662258 0.1063969768734485 0.138963277736068 0.1548377357552722 0.1472111249280286 0.1200297679628799 0.08466928921698584 0.05226270102667089 0.0286001208834332 0.01407218665558371 0.006316349996036686


# name: mode
# type: scalar
1.8


# name: mean
# type: scalar
1.818499294603577


# name: sd
# type: scalar
0.2625774029377193


# name: modeUniformPrior
# type: scalar
1.8


# name: meanUniformPrior
# type: scalar
1.818499294603577


# name: sdUniformPrior
# type: scalar
0.2625774029377193


# name: response
# type: matrix
# rows: 1
# columns: 32
 0 1 1 0 1 1 1 1 1 0 0 1 0 1 1 1 0 1 1 0 1 1 1 1 1 1 1 1 1 1 1 0


# name: stopCriterion
# type: sq_string
# elements: 1
# length: 6
trials


# name: stopRule
# type: scalar
32


