# Created by Octave 3.6.4, Fri Mar 21 18:28:04 2014 CET <exp@Einzelzelle>
# name: PMs
# type: cell
# rows: 6
# columns: 6
# name: <cell-element>
# type: scalar struct
# ndims: 2
 1 1
# length: 33
# name: priorAlphaRange
# type: range
# base, limit, increment
0 2.5 0.1


# name: prior
# type: matrix
# rows: 1
# columns: 26
 0.03846153846153846 0.03846153846153846 0.03846153846153846 0.03846153846153846 0.03846153846153846 0.03846153846153846 0.03846153846153846 0.03846153846153846 0.03846153846153846 0.03846153846153846 0.03846153846153846 0.03846153846153846 0.03846153846153846 0.03846153846153846 0.03846153846153846 0.03846153846153846 0.03846153846153846 0.03846153846153846 0.03846153846153846 0.03846153846153846 0.03846153846153846 0.03846153846153846 0.03846153846153846 0.03846153846153846 0.03846153846153846 0.03846153846153846


# name: pdf
# type: matrix
# rows: 1
# columns: 26
 2.177218900569087e-10 3.77918128643777e-10 7.312750458396788e-10 1.614322694680236e-09 4.141978467605404e-09 1.246567166163536e-08 4.382405306374239e-08 1.766166251665249e-07 7.901527163393145e-07 3.761601393300641e-06 1.815947676565215e-05 8.464261551605228e-05 0.0003640451867270561 0.001390960160139713 0.004587603511295098 0.01281159986031988 0.02997318682990766 0.05853944197880372 0.09564543526708041 0.1315601602638716 0.153777329519143 0.1545036597897408 0.1351509620170235 0.1043334751676664 0.07207526641280965 0.04517928019951427


# name: mode
# type: scalar
2.1


# name: mean
# type: scalar
2.052841121623122


# name: sd
# type: scalar
0.2396732845934645


# name: modeUniformPrior
# type: scalar
2.1


# name: meanUniformPrior
# type: scalar
2.052841121623122


# name: sdUniformPrior
# type: scalar
0.2396732845934646


# name: response
# type: matrix
# rows: 1
# columns: 32
 0 1 0 0 1 0 0 1 1 0 0 0 0 0 1 1 1 1 1 1 1 1 1 0 1 0 1 1 1 1 1 0


# name: stopCriterion
# type: sq_string
# elements: 1
# length: 6
trials


# name: stopRule
# type: scalar
32


# name: stop
# type: scalar
1


# name: PF
# type: function handle
# octaveroot: /usr
# path: /home/exp/sc/palamedes1_5_0/Palamedes/PAL_Gumbel.m
PAL_Gumbel


# name: beta
# type: scalar
0.5


# name: gamma
# type: scalar
0.1666666666666667


# name: lambda
# type: scalar
0.05


# name: xMin
# type: scalar
0


# name: xMax
# type: scalar
2.5


# name: direction
# type: scalar
1


# name: reversal
# type: matrix
# rows: 1
# columns: 32
 0 1 2 0 3 4 0 5 0 6 0 0 0 0 7 0 0 0 0 0 0 0 0 8 9 10 11 0 0 0 0 12


# name: meanmode
# type: sq_string
# elements: 1
# length: 4
mean


# name: xCurrent
# type: scalar
2.052841121623122


# name: x
# type: matrix
# rows: 1
# columns: 32
 1.77635683940025e-15 1.409007421593816 1.198724198176423 0.683671253589857 2.5 1.689051748440999 1.348926397089732 2.028535066537096 1.965561261404055 1.896877845091629 1.577032100431002 1.72193251461225 2.172943191789527 1.98270201042051 2.5 2.265214926078691 2.24274949233734 2.218305684680788 2.5 2.5 2.147176839714908 2.5 2.092806880298091 1.619393441753119 2.5 1.663809573741627 2.123590134662284 2.095059598852949 2.5 2.5 2.023922946110854 1.9938651324505


# name: xStaircase
# type: matrix
# rows: 1
# columns: 33
 1.77635683940025e-15 1.409007421593816 1.198724198176423 1.591835626794929 1.744340270817937 1.689051748440999 1.924463198544866 2.028535066537096 1.965561261404055 1.896877845091629 2.038516050215501 2.110966257306125 2.172943191789527 2.241351005210255 2.282784121307897 2.265214926078691 2.24274949233734 2.218305684680788 2.191864179474798 2.169804177574188 2.147176839714908 2.116345936015311 2.092806880298091 2.05969672087656 2.104260562702046 2.081904786870814 2.123590134662284 2.095059598852949 2.065646518455386 2.044598800575014 2.023922946110854 1.9938651324505 2.052841121623122


# name: stimulus
# type: sq_string
# elements: 1
# length: 4
shoe


# name: thc_type
# type: matrix
# rows: 1
# columns: 32
 0 0.5 1 0 2 1 0 1 0.5 0.5 0 0 0.5 0 2 1 0.5 0.5 2 2 0.5 2 1 0 2 0 0.5 1 2 2 1 1


# name: run
# type: matrix
# rows: 1
# columns: 32
 1 1 1 1 1 1 1 1 1 1 1 1 1 1 1 1 1 1 1 1 1 1 1 1 1 1 1 1 1 1 1 1


# name: noise_variance
# type: matrix
# rows: 1
# columns: 32
 2.499999999999998 1.090992578406184 1.301275801823577 1.816328746410143 0 0.8109482515590007 1.151073602910268 0.4714649334629035 0.5344387385959453 0.603122154908371 0.9229678995689978 0.7780674853877496 0.327056808210473 0.5172979895794896 0 0.2347850739213087 0.2572505076626599 0.2816943153192115 0 0 0.3528231602850918 0 0.4071931197019092 0.8806065582468809 0 0.8361904262583728 0.3764098653377159 0.4049404011470505 0 0 0.4760770538891457 0.5061348675494997


# name: response_obj
# type: matrix
# rows: 1
# columns: 32
 0 1 0 0 1 0 0 1 1 0 0 0 0 0 1 1 1 1 1 1 1 1 1 0 1 0 1 1 1 1 1 0


# name: response_obj_rt
# type: matrix
# rows: 1
# columns: 32
 3543.420076370239 1926.473140716553 2680.699110031128 1168.207168579102 541.3379669189453 2289.447069168091 1402.482986450195 1046.21696472168 645.2889442443848 4049.286127090454 2772.607088088989 1556.342840194702 3595.189094543457 2620.213985443115 759.782075881958 1932.947874069214 1712.708950042725 368.5050010681152 553.4851551055908 432.3680400848389 737.001895904541 449.4631290435791 1023.241996765137 1152.449131011963 753.5338401794434 1276.957988739014 552.7148246765137 322.8120803833008 449.0830898284912 489.8841381072998 543.7901020050049 4153.306007385254


# name: response_suj
# type: matrix
# rows: 1
# columns: 32
 0 0 0 0 1 0 0 0 0 0 0 0 0 0 1 0 1 1 1 1 0 1 1 0 1 0 1 1 1 1 1 0


# name: response_suj_rt
# type: matrix
# rows: 1
# columns: 32
 1374.476909637451 1261.53302192688 834.7370624542236 663.7260913848877 776.7548561096191 685.1310729980469 692.9309368133545 806.3390254974365 386.350154876709 627.5560855865479 363.5451793670654 1305.254936218262 546.6570854187012 397.8559970855713 713.1781578063965 673.2618808746338 996.3140487670898 540.6889915466309 652.9819965362549 822.3190307617188 914.3140316009521 822.4170207977295 736.332893371582 466.3460254669189 865.8740520477295 1041.89395904541 839.4460678100586 761.6589069366455 483.6621284484863 673.2871532440186 696.2430477142334 536.2920761108398




# name: <cell-element>
# type: scalar struct
# ndims: 2
 1 1
# length: 33
# name: priorAlphaRange
# type: range
# base, limit, increment
0 2.5 0.1


# name: prior
# type: matrix
# rows: 1
# columns: 26
 0.03846153846153846 0.03846153846153846 0.03846153846153846 0.03846153846153846 0.03846153846153846 0.03846153846153846 0.03846153846153846 0.03846153846153846 0.03846153846153846 0.03846153846153846 0.03846153846153846 0.03846153846153846 0.03846153846153846 0.03846153846153846 0.03846153846153846 0.03846153846153846 0.03846153846153846 0.03846153846153846 0.03846153846153846 0.03846153846153846 0.03846153846153846 0.03846153846153846 0.03846153846153846 0.03846153846153846 0.03846153846153846 0.03846153846153846


# name: pdf
# type: matrix
# rows: 1
# columns: 26
 1.601161805250949e-05 3.95335919381682e-05 0.000103445939754856 0.0002795857826403534 0.0007583982276821811 0.002004681168594617 0.005019456129666464 0.01160623514143183 0.02426445568129074 0.04513463099693562 0.07388088408093384 0.1057374963595189 0.1319510229835576 0.1436067264103187 0.1366514162887331 0.1141938938195482 0.08430428490496765 0.05538546219315203 0.03265305728458358 0.0174368183164818 0.008518388082669238 0.003847070013355468 0.001623430388763173 0.0006470585643946521 0.0002461982695493901 9.035776148553107e-05


# name: mode
# type: scalar
1.3


# name: mean
# type: scalar
1.322347688887297


# name: sd
# type: scalar
0.2825957908927345


# name: modeUniformPrior
# type: scalar
1.3


# name: meanUniformPrior
# type: scalar
1.322347688887297


# name: sdUniformPrior
# type: scalar
0.2825957908927345


# name: response
# type: matrix
# rows: 1
# columns: 32
 0 0 0 1 1 1 1 0 1 0 1 1 1 0 1 0 1 1 1 1 1 1 1 1 1 1 1 0 1 0 1 1


# name: stopCriterion
# type: sq_string
# elements: 1
# length: 6
trials


# name: stopRule
# type: scalar
32


