# Created by Octave 3.6.4, Fri Mar 21 19:06:02 2014 CET <exp@Einzelzelle>
# name: PMs
# type: cell
# rows: 6
# columns: 6
# name: <cell-element>
# type: scalar struct
# ndims: 2
 1 1
# length: 33
# name: priorAlphaRange
# type: range
# base, limit, increment
0 2.5 0.1


# name: prior
# type: matrix
# rows: 1
# columns: 26
 0.03846153846153846 0.03846153846153846 0.03846153846153846 0.03846153846153846 0.03846153846153846 0.03846153846153846 0.03846153846153846 0.03846153846153846 0.03846153846153846 0.03846153846153846 0.03846153846153846 0.03846153846153846 0.03846153846153846 0.03846153846153846 0.03846153846153846 0.03846153846153846 0.03846153846153846 0.03846153846153846 0.03846153846153846 0.03846153846153846 0.03846153846153846 0.03846153846153846 0.03846153846153846 0.03846153846153846 0.03846153846153846 0.03846153846153846


# name: pdf
# type: matrix
# rows: 1
# columns: 26
 2.589645179665614e-12 3.219853616411439e-12 4.677191239263713e-12 8.423247572034128e-12 1.981430510563061e-11 6.27698343459871e-11 2.673405399947106e-10 1.476101899509282e-09 9.903051643927419e-09 7.444753311581139e-08 5.76761646016005e-07 4.268891629684962e-06 2.83843321268841e-05 0.0001620196375326362 0.0007702970478558069 0.002997712621067609 0.009479355452129707 0.0243627052703296 0.05118152157392479 0.08873593180404846 0.1285216195657571 0.1576742399554626 0.1662989852164858 0.1531045138441389 0.1249390758533298 0.09173870597701327


# name: mode
# type: scalar
2.2


# name: mean
# type: scalar
2.158491436520398


# name: sd
# type: scalar
0.2181419139633644


# name: modeUniformPrior
# type: scalar
2.2


# name: meanUniformPrior
# type: scalar
2.158491436520398


# name: sdUniformPrior
# type: scalar
0.2181419139633644


# name: response
# type: matrix
# rows: 1
# columns: 32
 1 1 0 0 1 1 1 1 0 1 0 1 0 1 1 0 1 1 1 0 0 0 1 1 0 0 0 1 0 0 1 1


# name: stopCriterion
# type: sq_string
# elements: 1
# length: 6
trials


# name: stopRule
# type: scalar
32


# name: stop
# type: scalar
1


# name: PF
# type: function handle
# octaveroot: /usr
# path: /home/exp/sc/palamedes1_5_0/Palamedes/PAL_Gumbel.m
PAL_Gumbel


# name: beta
# type: scalar
0.5


# name: gamma
# type: scalar
0.1666666666666667


# name: lambda
# type: scalar
0.05


# name: xMin
# type: scalar
0


# name: xMax
# type: scalar
2.5


# name: direction
# type: scalar
-1


# name: reversal
# type: matrix
# rows: 1
# columns: 32
 0 0 1 0 2 0 0 0 3 4 5 6 7 8 0 9 10 0 0 11 0 0 12 0 13 0 0 14 15 0 16 0


# name: meanmode
# type: sq_string
# elements: 1
# length: 4
mean


# name: xCurrent
# type: scalar
2.158491436520398


# name: x
# type: matrix
# rows: 1
# columns: 32
 2.5 2.052841121623122 1.605682243246243 1.605682243246243 2.5 1.829261682434683 2.5 1.829261682434683 1.605682243246243 2.052841121623122 1.605682243246243 2.5 1.829261682434683 2.5 2.5 1.829261682434683 2.052841121623122 2.052841121623122 1.605682243246243 1.829261682434683 1.605682243246243 1.829261682434683 2.052841121623122 2.052841121623122 1.829261682434683 1.829261682434683 2.052841121623122 2.052841121623122 1.605682243246243 1.605682243246243 2.5 2.5


# name: xStaircase
# type: matrix
# rows: 1
# columns: 33
 2.5 1.186099546478885 1.077511950637238 1.590878205832971 1.886528822941091 1.837729021169633 1.740872936312875 1.694668739609736 1.599882352584292 1.806822129352523 1.742251489429045 1.880062600560459 1.845660037209762 1.965290472348861 1.934125844238008 1.903825094100742 1.997383675028921 1.955333762950208 1.913476577251973 1.862373360786869 1.94895559233925 2.007242454218324 2.069242015592127 2.035759487344618 2.002130293528904 2.059659993884424 2.109307897436583 2.162076016273561 2.135577534185363 2.166251494777787 2.193749004616091 2.17621144664718 2.158491436520398


# name: stimulus
# type: sq_string
# elements: 1
# length: 4
shoe


# name: thc_type
# type: matrix
# rows: 1
# columns: 32
 2 1 0 0 2 0.5 2 0.5 0 1 0 2 0.5 2 2 0.5 1 1 0 0.5 0 0.5 1 1 0.5 0.5 1 1 0 0 2 2


# name: run
# type: matrix
# rows: 1
# columns: 32
 2 2 2 2 2 2 2 2 2 2 2 2 2 2 2 2 2 2 2 2 2 2 2 2 2 2 2 2 2 2 2 2


# name: noise_variance
# type: matrix
# rows: 1
# columns: 32
 0 0.4471588783768783 0.8943177567537566 0.8943177567537566 0 0.6707383175653174 0 0.6707383175653174 0.8943177567537566 0.4471588783768783 0.8943177567537566 0 0.6707383175653174 0 0 0.6707383175653174 0.4471588783768783 0.4471588783768783 0.8943177567537566 0.6707383175653174 0.8943177567537566 0.6707383175653174 0.4471588783768783 0.4471588783768783 0.6707383175653174 0.6707383175653174 0.4471588783768783 0.4471588783768783 0.8943177567537566 0.8943177567537566 0 0


# name: response_obj
# type: matrix
# rows: 1
# columns: 32
 1 1 0 0 1 1 1 1 0 1 0 1 0 1 1 0 1 1 1 0 0 0 1 1 0 0 0 1 0 0 1 1


# name: response_obj_rt
# type: matrix
# rows: 1
# columns: 32
 455.2929401397705 374.9930858612061 1584.472894668579 685.7180595397949 397.8018760681152 1343.616008758545 438.601016998291 432.8651428222656 489.5298480987549 495.8469867706299 1360.189914703369 329.1840553283691 572.4709033966064 427.5810718536377 496.0699081420898 823.5828876495361 392.0729160308838 421.3721752166748 260.174036026001 386.350154876709 306.1521053314209 357.5778007507324 438.2979869842529 329.5228481292725 639.3158435821533 809.3140125274658 346.0559844970703 325.7369995117188 1098.552942276001 265.6159400939941 486.8948459625244 311.7609024047852


# name: response_suj
# type: matrix
# rows: 1
# columns: 32
 0 1 0 0 1 0 1 0 0 1 0 1 0 1 1 0 1 0 1 0 0 0 0 1 0 0 0 1 0 0 1 1


# name: response_suj_rt
# type: matrix
# rows: 1
# columns: 32
 596.2040424346924 426.4500141143799 369.3840503692627 358.1650257110596 513.2920742034912 443.3829784393311 478.1868457794189 455.4479122161865 420.414924621582 466.5069580078125 323.5290050506592 498.5740184783936 317.3518180847168 403.4340381622314 477.9272079467773 415.5130386352539 386.8589401245117 569.8831081390381 403.6529064178467 317.4540996551514 323.5321044921875 366.6279315948486 559.8640441894531 386.4579200744629 340.224027633667 288.3880138397217 328.8538455963135 403.6180973052979 472.9399681091309 225.773811340332 639.4069194793701 645.1470851898193




# name: <cell-element>
# type: scalar struct
# ndims: 2
 1 1
# length: 33
# name: priorAlphaRange
# type: range
# base, limit, increment
0 2.5 0.1


# name: prior
# type: matrix
# rows: 1
# columns: 26
 0.03846153846153846 0.03846153846153846 0.03846153846153846 0.03846153846153846 0.03846153846153846 0.03846153846153846 0.03846153846153846 0.03846153846153846 0.03846153846153846 0.03846153846153846 0.03846153846153846 0.03846153846153846 0.03846153846153846 0.03846153846153846 0.03846153846153846 0.03846153846153846 0.03846153846153846 0.03846153846153846 0.03846153846153846 0.03846153846153846 0.03846153846153846 0.03846153846153846 0.03846153846153846 0.03846153846153846 0.03846153846153846 0.03846153846153846


# name: pdf
# type: matrix
# rows: 1
# columns: 26
 7.369281173357292e-11 6.154624187828511e-10 5.020845415224929e-09 3.890907819261039e-08 2.780504726821668e-07 1.781866735586152e-06 1.001239751233545e-05 4.858394116722406e-05 0.0002019390925032942 0.0007173534274935692 0.002181906174897553 0.005707597896089349 0.01291587932222369 0.02544969841988424 0.04396393864494854 0.06705153097523828 0.0909364848496321 0.110484287628433 0.1211777032879527 0.1209322610289 0.1107103234699965 0.09374516558705873 0.07403392314949664 0.05498119063291506 0.03870892304384151 0.02603919249352847


# name: mode
# type: scalar
1.8


# name: mean
# type: scalar
1.866848025204393


# name: sd
# type: scalar
0.3094634014243588


# name: modeUniformPrior
# type: scalar
1.8


# name: meanUniformPrior
# type: scalar
1.866848025204393


# name: sdUniformPrior
# type: scalar
0.3094634014243588


# name: response
# type: matrix
# rows: 1
# columns: 32
 0 1 1 1 0 0 0 1 1 1 0 0 1 1 0 1 0 0 1 1 0 0 1 0 0 0 0 1 1 0 0 0


# name: stopCriterion
# type: sq_string
# elements: 1
# length: 6
trials


# name: stopRule
# type: scalar
32


