# Created by Octave 3.8.1, Wed Mar 19 18:58:25 2014 UTC <exp@verleihnix>
# name: PMs
# type: cell
# rows: 6
# columns: 6
# name: <cell-element>
# type: scalar struct
# ndims: 2
 1 1
# length: 33
# name: priorAlphaRange
# type: range
# base, limit, increment
0 2.5 0.1


# name: prior
# type: matrix
# rows: 1
# columns: 26
 0.03846153846153846 0.03846153846153846 0.03846153846153846 0.03846153846153846 0.03846153846153846 0.03846153846153846 0.03846153846153846 0.03846153846153846 0.03846153846153846 0.03846153846153846 0.03846153846153846 0.03846153846153846 0.03846153846153846 0.03846153846153846 0.03846153846153846 0.03846153846153846 0.03846153846153846 0.03846153846153846 0.03846153846153846 0.03846153846153846 0.03846153846153846 0.03846153846153846 0.03846153846153846 0.03846153846153846 0.03846153846153846 0.03846153846153846


# name: pdf
# type: matrix
# rows: 1
# columns: 26
 7.059349686803279e-06 2.340235811170457e-05 7.753038448587795e-05 0.0002508678878097282 0.000774334054601639 0.002227194860815409 0.005841963013451398 0.0137234209616214 0.02848154544594103 0.05176018771065832 0.08198010590759554 0.1130067611425569 0.1357313555688455 0.1424765500867166 0.1312882745542509 0.1068008309173391 0.07721265657228987 0.04998897977285766 0.02922811003484385 0.01557552831783734 0.007638608678639938 0.003482512968150177 0.001491219335364061 0.0006059454998223567 0.0002360375455015131 8.901707020519914e-05


# name: mode
# type: scalar
1.3


# name: mean
# type: scalar
1.301166433779201


# name: sd
# type: scalar
0.2838101948370036


# name: modeUniformPrior
# type: scalar
1.3


# name: meanUniformPrior
# type: scalar
1.301166433779201


# name: sdUniformPrior
# type: scalar
0.2838101948370037


# name: response
# type: matrix
# rows: 1
# columns: 32
 1 0 1 0 1 1 1 0 1 1 0 1 0 1 0 0 1 1 1 1 1 1 1 0 0 1 1 1 1 0 1 1


# name: stopCriterion
# type: sq_string
# elements: 1
# length: 6
trials


# name: stopRule
# type: scalar
32


# name: stop
# type: scalar
1


# name: PF
# type: function handle
# octaveroot: /usr
# path: /home/exp/sc/palamedes1_5_0/Palamedes/PAL_Gumbel.m
PAL_Gumbel


# name: beta
# type: scalar
0.5


# name: gamma
# type: scalar
0.1666666666666667


# name: lambda
# type: scalar
0.05


# name: xMin
# type: scalar
0


# name: xMax
# type: scalar
2.5


# name: direction
# type: scalar
-1


# name: reversal
# type: matrix
# rows: 1
# columns: 32
 0 1 2 3 4 0 0 5 6 0 7 8 9 10 11 0 12 0 0 0 0 0 0 13 0 14 0 0 0 15 16 0


# name: meanmode
# type: sq_string
# elements: 1
# length: 4
mean


# name: xCurrent
# type: scalar
1.301166433779201


# name: x
# type: matrix
# rows: 1
# columns: 32
 2.5 1.186099546478885 2.5 1.549617657449184 1.848997920627228 2.5 2.5 0.8079860249925406 1.761704328377644 0.8446354830701979 0.6108485032692976 2.5 0.7102220181199645 1.68027823047967 0.7055119483671497 0.8365726427121913 1.73267765909258 1.666477286592443 1.601295875277421 1.53790004544417 1.476784047143706 1.418191073690779 1.362166947369888 0.1172464511796449 1.338683340364095 1.436654380490967 2.5 2.5 2.5 0.2128130097482428 1.381896208999546 1.34081151846543


# name: xStaircase
# type: matrix
# rows: 1
# columns: 33
 2.5 1.186099546478885 1.610299062237291 1.549617657449184 1.848997920627228 1.748983737849652 1.700156892557703 1.65399301249627 1.761704328377644 1.672317741535099 1.555424251634649 1.64061251705208 1.605111009059982 1.68027823047967 1.602755974183575 1.668286321356096 1.73267765909258 1.666477286592443 1.601295875277421 1.53790004544417 1.476784047143706 1.418191073690779 1.362166947369888 1.308623225589822 1.338683340364095 1.436654380490967 1.388702949513211 1.377189110692728 1.366453056708538 1.356406504874121 1.381896208999546 1.34081151846543 1.301166433779201


# name: stimulus
# type: sq_string
# elements: 1
# length: 6
bucket


# name: thc_type
# type: matrix
# rows: 1
# columns: 32
 2 0.5 2 1 0.5 2 2 0 0.5 0 0 2 0 1 0 0 1 0.5 0.5 1 1 1 1 0 1 0.5 2 2 2 0 0.5 0.5


# name: run
# type: matrix
# rows: 1
# columns: 32
 1 1 1 1 1 1 1 1 1 1 1 1 1 1 1 1 1 1 1 1 1 1 1 1 1 1 1 1 1 1 1 1


# name: noise_variance
# type: matrix
# rows: 1
# columns: 32
 0 1.313900453521115 0 0.9503823425508156 0.6510020793727715 0 0 1.692013975007459 0.7382956716223557 1.655364516929802 1.889151496730702 0 1.789777981880035 0.8197217695203305 1.79448805163285 1.663427357287809 0.7673223409074199 0.8335227134075569 0.8987041247225791 0.9620999545558302 1.023215952856294 1.081808926309221 1.137833052630112 2.382753548820355 1.161316659635905 1.063345619509033 0 0 0 2.287186990251757 1.118103791000454 1.15918848153457


# name: response_obj
# type: matrix
# rows: 1
# columns: 32
 1 0 1 0 1 1 1 0 1 1 0 1 0 1 0 0 1 1 1 1 1 1 1 0 0 1 1 1 1 0 1 1


# name: response_obj_rt
# type: matrix
# rows: 1
# columns: 32
 1535.292863845825 1384.10496711731 1512.127161026001 1134.737014770508 1346.308946609497 1101.763010025024 837.7718925476074 2229.513883590698 1439.505815505981 2046.777009963989 3549.187898635864 1623.450994491577 3030.091047286987 1076.446056365967 1552.199125289917 2356.736898422241 2098.347187042236 521.1400985717773 599.3800163269043 2578.321933746338 629.755973815918 1500.911951065063 1073.394060134888 932.0061206817627 1796.312093734741 383.4998607635498 419.0499782562256 1537.621974945068 493.6189651489258 951.0798454284668 813.3630752563477 919.018030166626


# name: response_suj
# type: matrix
# rows: 1
# columns: 32
 1 1 1 1 1 1 1 0 1 1 0 1 0 1 0 0 1 1 1 0 1 1 1 1 0 1 1 1 1 1 1 1


# name: response_suj_rt
# type: matrix
# rows: 1
# columns: 32
 946.2089538574219 1259.927988052368 1314.877033233643 1073.893070220947 959.475040435791 725.6019115447998 1175.672054290771 846.2409973144531 592.1471118927002 491.5077686309814 316.5569305419922 719.5119857788086 379.1599273681641 739.631175994873 260.3859901428223 407.8490734100342 469.559907913208 792.7899360656738 1392.606973648071 524.2691040039062 1966.099977493286 1559.851884841919 403.2177925109863 379.7080516815186 208.320140838623 581.3510417938232 381.5100193023682 3450.409889221191 1778.789043426514 2012.108087539673 2074.71489906311 1914.432048797607




# name: <cell-element>
# type: scalar struct
# ndims: 2
 1 1
# length: 33
# name: priorAlphaRange
# type: range
# base, limit, increment
0 2.5 0.1


# name: prior
# type: matrix
# rows: 1
# columns: 26
 0.03846153846153846 0.03846153846153846 0.03846153846153846 0.03846153846153846 0.03846153846153846 0.03846153846153846 0.03846153846153846 0.03846153846153846 0.03846153846153846 0.03846153846153846 0.03846153846153846 0.03846153846153846 0.03846153846153846 0.03846153846153846 0.03846153846153846 0.03846153846153846 0.03846153846153846 0.03846153846153846 0.03846153846153846 0.03846153846153846 0.03846153846153846 0.03846153846153846 0.03846153846153846 0.03846153846153846 0.03846153846153846 0.03846153846153846


# name: pdf
# type: matrix
# rows: 1
# columns: 26
 1.103210916323489e-06 2.715002903528169e-06 7.469755292406258e-06 2.25477278077367e-05 7.225527805893982e-05 0.0002359283678644706 0.0007522145656411207 0.002252690652333353 0.006137941380557439 0.01485771383090365 0.03143634261280902 0.05756771671679835 0.09080014589577792 0.1232270185881937 0.1441631349095263 0.1459958518407292 0.1287587937904769 0.09964101787059115 0.0682565607762763 0.0417976355814949 0.02312305378028328 0.01168515438085399 0.005455746196088865 0.002380522453342851 0.0009817670932023078 0.0003869577412759121


# name: mode
# type: scalar
1.5


# name: mean
# type: scalar
1.474471728546653


# name: sd
# type: scalar
0.2742535130291999


# name: modeUniformPrior
# type: scalar
1.5


# name: meanUniformPrior
# type: scalar
1.474471728546652


# name: sdUniformPrior
# type: scalar
0.2742535130291999


# name: response
# type: matrix
# rows: 1
# columns: 32
 0 0 1 0 1 0 0 1 0 1 1 1 1 0 1 1 0 1 1 1 1 1 1 1 1 1 1 1 1 1 0 0


# name: stopCriterion
# type: sq_string
# elements: 1
# length: 6
trials


# name: stopRule
# type: scalar
32


