# Created by Octave 3.8.1, Wed Mar 19 19:38:04 2014 UTC <exp@verleihnix>
# name: PMs
# type: cell
# rows: 6
# columns: 6
# name: <cell-element>
# type: scalar struct
# ndims: 2
 1 1
# length: 33
# name: priorAlphaRange
# type: range
# base, limit, increment
0 2.5 0.1


# name: prior
# type: matrix
# rows: 1
# columns: 26
 0.03846153846153846 0.03846153846153846 0.03846153846153846 0.03846153846153846 0.03846153846153846 0.03846153846153846 0.03846153846153846 0.03846153846153846 0.03846153846153846 0.03846153846153846 0.03846153846153846 0.03846153846153846 0.03846153846153846 0.03846153846153846 0.03846153846153846 0.03846153846153846 0.03846153846153846 0.03846153846153846 0.03846153846153846 0.03846153846153846 0.03846153846153846 0.03846153846153846 0.03846153846153846 0.03846153846153846 0.03846153846153846 0.03846153846153846


# name: pdf
# type: matrix
# rows: 1
# columns: 26
 5.977684681947585e-08 4.252811562020049e-07 2.686957170447873e-06 1.480735076880492e-05 7.03055770261171e-05 0.0002855504591864794 0.0009895789345493132 0.002930084347112223 0.007444454640200463 0.01633019313618292 0.03114977820775591 0.05205165876559737 0.07674774360692622 0.1005388597604395 0.1177844356650864 0.1241941906598509 0.1186186706939443 0.1032992673078233 0.08258628830380124 0.06105129090424754 0.04204283500038739 0.02717857129555812 0.01662171854813722 0.009692117655098347 0.00542984336287696 0.002944583802269506


# name: mode
# type: scalar
1.5


# name: mean
# type: scalar
1.536332176220487


# name: sd
# type: scalar
0.3225023631540974


# name: modeUniformPrior
# type: scalar
1.5


# name: meanUniformPrior
# type: scalar
1.536332176220487


# name: sdUniformPrior
# type: scalar
0.3225023631540975


# name: response
# type: matrix
# rows: 1
# columns: 32
 1 1 1 1 1 1 0 1 0 0 0 0 0 1 1 1 0 0 0 0 1 0 1 1 1 0 0 0 1 0 1 0


# name: stopCriterion
# type: sq_string
# elements: 1
# length: 6
trials


# name: stopRule
# type: scalar
32


# name: stop
# type: scalar
1


# name: PF
# type: function handle
# octaveroot: /usr
# path: /home/exp/sc/palamedes1_5_0/Palamedes/PAL_Gumbel.m
PAL_Gumbel


# name: beta
# type: scalar
0.5


# name: gamma
# type: scalar
0.1666666666666667


# name: lambda
# type: scalar
0.05


# name: xMin
# type: scalar
0


# name: xMax
# type: scalar
2.5


# name: direction
# type: scalar
1


# name: reversal
# type: matrix
# rows: 1
# columns: 32
 0 0 0 0 0 0 1 2 3 0 0 0 0 4 0 0 5 0 0 0 6 7 8 0 0 9 0 0 10 11 12 13


# name: meanmode
# type: sq_string
# elements: 1
# length: 4
mean


# name: xCurrent
# type: scalar
1.536332176220487


# name: x
# type: matrix
# rows: 1
# columns: 32
 2.5 2.5 2.5 1.301166433779201 2.5 1.301166433779201 0.1023328675584025 1.301166433779201 0.7017496506688019 0.1023328675584025 0.1023328675584025 0.7017496506688019 0.7017496506688019 2.5 2.5 1.301166433779201 0.1023328675584025 0.1023328675584025 0.7017496506688019 0.1023328675584025 0.7017496506688019 0.7017496506688019 2.5 2.5 1.301166433779201 0.7017496506688019 0.7017496506688019 1.301166433779201 1.301166433779201 0.1023328675584025 1.301166433779201 0.1023328675584025


# name: xStaircase
# type: matrix
# rows: 1
# columns: 33
 2.5 1.186099546478885 1.12966001641293 1.080170978385709 0.903076460733785 0.8735303568287875 0.7451962636089919 0.8885586607159779 0.775813145940996 1.002938454156386 1.110339012530668 1.204581243839287 1.352907619544677 1.470550613431468 1.439116906124243 1.410731786769102 1.316660515184358 1.36836564119536 1.41523285224394 1.4954034898689 1.532211399245994 1.445970985103061 1.51558452450169 1.492092281202264 1.470646957254645 1.402393899008123 1.462898309421138 1.517571126196127 1.60866610546408 1.548062135898325 1.571032021575075 1.513860652171475 1.536332176220487


# name: stimulus
# type: sq_string
# elements: 1
# length: 6
bucket


# name: thc_type
# type: matrix
# rows: 1
# columns: 32
 2 2 2 1 2 1 0 1 0.5 0 0 0.5 0.5 2 2 1 0 0 0.5 0 0.5 0.5 2 2 1 0.5 0.5 1 1 0 1 0


# name: run
# type: matrix
# rows: 1
# columns: 32
 2 2 2 2 2 2 2 2 2 2 2 2 2 2 2 2 2 2 2 2 2 2 2 2 2 2 2 2 2 2 2 2


# name: noise_variance
# type: matrix
# rows: 1
# columns: 32
 0 0 0 1.198833566220799 0 1.198833566220799 2.397667132441597 1.198833566220799 1.798250349331198 2.397667132441597 2.397667132441597 1.798250349331198 1.798250349331198 0 0 1.198833566220799 2.397667132441597 2.397667132441597 1.798250349331198 2.397667132441597 1.798250349331198 1.798250349331198 0 0 1.198833566220799 1.798250349331198 1.798250349331198 1.198833566220799 1.198833566220799 2.397667132441597 1.198833566220799 2.397667132441597


# name: response_obj
# type: matrix
# rows: 1
# columns: 32
 1 1 1 1 1 1 0 1 0 0 0 0 0 1 1 1 0 0 0 0 1 0 1 1 1 0 0 0 1 0 1 0


# name: response_obj_rt
# type: matrix
# rows: 1
# columns: 32
 1047.64986038208 380.648136138916 462.0368480682373 477.2770404815674 362.9391193389893 379.0719509124756 940.8998489379883 659.2159271240234 426.3761043548584 2625.294923782349 329.596996307373 1884.487867355347 187.1738433837891 947.4520683288574 323.5900402069092 237.2579574584961 2280.35306930542 1357.6819896698 846.2698459625244 1384.294986724854 671.0951328277588 590.3949737548828 1250.25486946106 538.8829708099365 1066.890001296997 1684.864044189453 1788.079023361206 1001.008987426758 296.2081432342529 400.4168510437012 595.7400798797607 479.2931079864502


# name: response_suj
# type: matrix
# rows: 1
# columns: 32
 1 1 1 1 1 1 1 1 1 0 0 0 1 1 1 1 0 0 1 1 0 0 1 1 1 1 0 0 1 0 1 0


# name: response_suj_rt
# type: matrix
# rows: 1
# columns: 32
 1043.112993240356 277.0531177520752 539.6368503570557 287.8589630126953 375.0200271606445 536.7438793182373 593.7490463256836 2072.226047515869 653.7239551544189 562.8321170806885 390.8829689025879 521.7909812927246 387.2621059417725 754.392147064209 385.5040073394775 338.9601707458496 233.2589626312256 339.512825012207 1727.937936782837 683.9668750762939 751.4421939849854 1129.38404083252 574.4850635528564 538.8081073760986 1152.729988098145 1203.798055648804 164.0322208404541 496.1340427398682 567.533016204834 1157.217025756836 1772.863149642944 573.9750862121582




# name: <cell-element>
# type: scalar struct
# ndims: 2
 1 1
# length: 33
# name: priorAlphaRange
# type: range
# base, limit, increment
0 2.5 0.1


# name: prior
# type: matrix
# rows: 1
# columns: 26
 0.03846153846153846 0.03846153846153846 0.03846153846153846 0.03846153846153846 0.03846153846153846 0.03846153846153846 0.03846153846153846 0.03846153846153846 0.03846153846153846 0.03846153846153846 0.03846153846153846 0.03846153846153846 0.03846153846153846 0.03846153846153846 0.03846153846153846 0.03846153846153846 0.03846153846153846 0.03846153846153846 0.03846153846153846 0.03846153846153846 0.03846153846153846 0.03846153846153846 0.03846153846153846 0.03846153846153846 0.03846153846153846 0.03846153846153846


# name: pdf
# type: matrix
# rows: 1
# columns: 26
 1.680241412911021e-11 1.619805204901012e-10 1.547424788353158e-09 1.405599775929788e-08 1.172084691877524e-07 8.712555024556393e-07 5.639826653474487e-06 3.126034999531913e-05 0.0001468417511661244 0.0005819347070834922 0.001945717460797158 0.005506238159235451 0.01325761291222735 0.02733386399835714 0.04860370032573483 0.07510943654751706 0.1016907478740425 0.1216481899879222 0.1297193192419886 0.1244396041315996 0.1084069736317241 0.08658756917036295 0.06402119365151852 0.04423800900854834 0.02883496066282263 0.01789018235452597


# name: mode
# type: scalar
1.8


# name: mean
# type: scalar
1.835430434052572


# name: sd
# type: scalar
0.2976640357160794


# name: modeUniformPrior
# type: scalar
1.8


# name: meanUniformPrior
# type: scalar
1.835430434052572


# name: sdUniformPrior
# type: scalar
0.2976640357160795


# name: response
# type: matrix
# rows: 1
# columns: 32
 0 1 0 1 1 1 1 0 1 0 0 0 0 0 0 1 0 0 0 1 1 0 0 1 1 1 0 1 1 0 0 1


# name: stopCriterion
# type: sq_string
# elements: 1
# length: 6
trials


# name: stopRule
# type: scalar
32


