# Created by Octave 3.6.4, Thu Mar 06 17:28:18 2014 CET <exp@Einzelzelle>
# name: PMs
# type: cell
# rows: 6
# columns: 6
# name: <cell-element>
# type: scalar struct
# ndims: 2
 1 1
# length: 33
# name: priorAlphaRange
# type: range
# base, limit, increment
0 2.5 0.1


# name: prior
# type: matrix
# rows: 1
# columns: 26
 0.03846153846153846 0.03846153846153846 0.03846153846153846 0.03846153846153846 0.03846153846153846 0.03846153846153846 0.03846153846153846 0.03846153846153846 0.03846153846153846 0.03846153846153846 0.03846153846153846 0.03846153846153846 0.03846153846153846 0.03846153846153846 0.03846153846153846 0.03846153846153846 0.03846153846153846 0.03846153846153846 0.03846153846153846 0.03846153846153846 0.03846153846153846 0.03846153846153846 0.03846153846153846 0.03846153846153846 0.03846153846153846 0.03846153846153846


# name: pdf
# type: matrix
# rows: 1
# columns: 26
 2.259329001018705e-07 5.411307347063656e-07 1.485445790801414e-06 4.570711095723704e-06 1.529812518370634e-05 5.369199299553315e-05 0.0001896798880034099 0.0006470049675427445 0.002050939934241951 0.005852366424629522 0.01467694487338787 0.0318303899749627 0.05913896552303814 0.09376232785247295 0.1268940231293913 0.1471136696186522 0.1469889145270553 0.12758244105725 0.09711116530411321 0.06550860662817276 0.03960949992168446 0.02172250494913873 0.01093636929944082 0.005116108965857225 0.002250523857423675 0.0009417399648403852


# name: mode
# type: scalar
1.5


# name: mean
# type: scalar
1.568137369960872


# name: sd
# type: scalar
0.2704414510197222


# name: modeUniformPrior
# type: scalar
1.5


# name: meanUniformPrior
# type: scalar
1.568137369960872


# name: sdUniformPrior
# type: scalar
0.2704414510197222


# name: response
# type: matrix
# rows: 1
# columns: 32
 0 1 0 1 1 0 1 1 1 1 1 0 1 0 0 1 1 1 0 0 0 1 0 1 1 1 1 1 1 1 1 1


# name: stopCriterion
# type: sq_string
# elements: 1
# length: 6
trials


# name: stopRule
# type: scalar
32


# name: stop
# type: scalar
1


# name: PF
# type: function handle
# octaveroot: /usr
# path: /home/exp/sc/palamedes1_5_0/Palamedes/PAL_Gumbel.m
PAL_Gumbel


# name: beta
# type: scalar
0.5


# name: gamma
# type: scalar
0.1666666666666667


# name: lambda
# type: scalar
0.05


# name: xMin
# type: scalar
0


# name: xMax
# type: scalar
2.5


# name: direction
# type: scalar
-1


# name: reversal
# type: matrix
# rows: 1
# columns: 32
 0 1 2 3 0 4 5 0 0 0 0 6 7 8 0 9 0 0 10 0 0 11 12 13 0 0 0 0 0 0 0 0


# name: meanmode
# type: sq_string
# elements: 1
# length: 4
mean


# name: xCurrent
# type: scalar
1.568137369960872


# name: x
# type: matrix
# rows: 1
# columns: 32
 1.250000000000001 1.690097790025086 1.534345858113388 1.850302978490574 2.5 0.8869664577167726 2.5 1.768218322374986 2.5 2.5 1.597596826771923 1.5063294329593 0.8635298374497684 1.589464808396857 1.740849034371255 1.870555910580464 1.813530553027686 2.5 0.9574093751373747 1.061377899590424 1.164392130151103 2.5 1.213839809536981 1.310180309508821 1.85401471118615 2.5 1.07605607883393 1.739216462000164 1.697897276276234 2.5 1.641739210070754 1.60431378549734


# name: xStaircase
# type: matrix
# rows: 1
# columns: 33
 1.250000000000001 1.690097790025086 1.534345858113388 1.850302978490574 1.744984744793102 1.693483228858386 1.813938440599552 1.768218322374986 1.675287978528141 1.634959878198361 1.597596826771923 1.5063294329593 1.681764918724884 1.589464808396857 1.740849034371255 1.870555910580464 1.813530553027686 1.756100918509076 1.728704687568687 1.780688949795212 1.832196065075552 1.883344839597605 1.856919904768491 1.90509015475441 1.85401471118615 1.810423397873335 1.788028039416965 1.739216462000164 1.697897276276234 1.657849590191032 1.641739210070754 1.60431378549734 1.568137369960872


# name: stimulus
# type: sq_string
# elements: 1
# length: 9
briefcase


# name: thc_type
# type: matrix
# rows: 1
# columns: 32
 1 1 1 0.5 2 0 2 1 2 2 0.5 0.5 0 0.5 0.5 0.5 1 2 0 0 0 2 0 0 0.5 2 0 1 1 2 0.5 1


# name: run
# type: matrix
# rows: 1
# columns: 32
 1 1 1 1 1 1 1 1 1 1 1 1 1 1 1 1 1 1 1 1 1 1 1 1 1 1 1 1 1 1 1 1


# name: noise_variance
# type: matrix
# rows: 1
# columns: 32
 1.249999999999999 0.8099022099749138 0.9656541418866125 0.6496970215094262 0 1.613033542283227 0 0.7317816776250139 0 0 0.9024031732280773 0.9936705670406998 1.636470162550232 0.910535191603143 0.7591509656287454 0.6294440894195359 0.6864694469723138 0 1.542590624862625 1.438622100409576 1.335607869848897 0 1.286160190463019 1.189819690491179 0.6459852888138504 0 1.42394392116607 0.7607835379998356 0.8021027237237663 0 0.8582607899292458 0.8956862145026601


# name: response_obj
# type: matrix
# rows: 1
# columns: 32
 0 1 0 1 1 0 1 1 1 1 1 0 1 0 0 1 1 1 0 0 0 1 0 1 1 1 1 1 1 1 1 1


# name: response_obj_rt
# type: matrix
# rows: 1
# columns: 32
 2554.613828659058 1529.371023178101 1348.495960235596 1950.254917144775 961.4839553833008 351.6368865966797 736.3460063934326 1501.765012741089 799.8700141906738 550.0888824462891 592.7209854125977 1755.71608543396 248.6600875854492 420.8228588104248 386.4622116088867 834.8288536071777 955.0950527191162 271.4319229125977 634.1590881347656 1704.888820648193 1473.086833953857 714.461088180542 794.9018478393555 496.6919422149658 1727.182865142822 305.7420253753662 317.4469470977783 788.5479927062988 437.885046005249 288.7439727783203 363.9540672302246 927.1371364593506


# name: response_suj
# type: matrix
# rows: 1
# columns: 32
 0 0 0 1 1 0 1 0 1 1 0 0 0 0 0 1 1 1 0 0 0 1 0 0 1 1 1 1 1 1 1 1


# name: response_suj_rt
# type: matrix
# rows: 1
# columns: 32
 1660.795927047729 638.9298439025879 488.8861179351807 643.5298919677734 524.5780944824219 448.8389492034912 437.9539489746094 380.6660175323486 334.4588279724121 311.2790584564209 306.027889251709 52.75392532348633 639.4140720367432 753.715991973877 570.8169937133789 305.7339191436768 260.0741386413574 294.3880558013916 691.3549900054932 144.6809768676758 249.1898536682129 1012.862205505371 283.1838130950928 1178.227186203003 909.904956817627 317.6229000091553 47.02591896057129 357.9170703887939 374.8941421508789 305.7520389556885 363.9070987701416 323.2879638671875




# name: <cell-element>
# type: scalar struct
# ndims: 2
 1 1
# length: 33
# name: priorAlphaRange
# type: range
# base, limit, increment
0 2.5 0.1


# name: prior
# type: matrix
# rows: 1
# columns: 26
 0.03846153846153846 0.03846153846153846 0.03846153846153846 0.03846153846153846 0.03846153846153846 0.03846153846153846 0.03846153846153846 0.03846153846153846 0.03846153846153846 0.03846153846153846 0.03846153846153846 0.03846153846153846 0.03846153846153846 0.03846153846153846 0.03846153846153846 0.03846153846153846 0.03846153846153846 0.03846153846153846 0.03846153846153846 0.03846153846153846 0.03846153846153846 0.03846153846153846 0.03846153846153846 0.03846153846153846 0.03846153846153846 0.03846153846153846


# name: pdf
# type: matrix
# rows: 1
# columns: 26
 6.242314731559616e-09 7.801496735435512e-09 1.090714807658496e-08 1.763607523165308e-08 3.402374607042896e-08 8.003740759381889e-08 2.30646804560692e-07 8.000028484147959e-07 3.208854343832542e-06 1.406144144079955e-05 6.311892942016579e-05 0.0002726857138049646 0.001074940776597082 0.003711342644889573 0.01090915457603452 0.0268357394367975 0.05480355902967693 0.0928228307349153 0.1309559883135824 0.1551542653553971 0.1560593912451199 0.1349637093205402 0.1017545459714755 0.06785396235616659 0.04061115652779831 0.022135151474158


# name: mode
# type: scalar
2


# name: mean
# type: scalar
1.966289886606432


# name: sd
# type: scalar
0.2445094553555445


# name: modeUniformPrior
# type: scalar
2


# name: meanUniformPrior
# type: scalar
1.966289886606432


# name: sdUniformPrior
# type: scalar
0.2445094553555445


# name: response
# type: matrix
# rows: 1
# columns: 32
 0 0 1 0 1 1 1 0 1 0 1 1 0 0 0 1 0 1 1 1 1 1 1 0 1 1 1 1 1 1 0 1


# name: stopCriterion
# type: sq_string
# elements: 1
# length: 6
trials


# name: stopRule
# type: scalar
32


