# Created by Octave 3.6.4, Thu Mar 06 18:04:05 2014 CET <exp@Einzelzelle>
# name: PMs
# type: cell
# rows: 6
# columns: 6
# name: <cell-element>
# type: scalar struct
# ndims: 2
 1 1
# length: 33
# name: priorAlphaRange
# type: range
# base, limit, increment
0 2.5 0.1


# name: prior
# type: matrix
# rows: 1
# columns: 26
 0.03846153846153846 0.03846153846153846 0.03846153846153846 0.03846153846153846 0.03846153846153846 0.03846153846153846 0.03846153846153846 0.03846153846153846 0.03846153846153846 0.03846153846153846 0.03846153846153846 0.03846153846153846 0.03846153846153846 0.03846153846153846 0.03846153846153846 0.03846153846153846 0.03846153846153846 0.03846153846153846 0.03846153846153846 0.03846153846153846 0.03846153846153846 0.03846153846153846 0.03846153846153846 0.03846153846153846 0.03846153846153846 0.03846153846153846


# name: pdf
# type: matrix
# rows: 1
# columns: 26
 1.674843201257291e-08 8.068128688342745e-08 4.045115300227716e-07 2.032281835371637e-06 9.878236787269026e-06 4.500024536385837e-05 0.0001868192203614499 0.0006905435131766475 0.002233165333397822 0.006246788228818621 0.01502640885479619 0.03103922586705697 0.0551621575530484 0.08469424345847699 0.1129902056218598 0.1318824339949276 0.135724392019151 0.1242022860166317 0.1019843494027624 0.07585816840725773 0.05161907808893336 0.03245704353120335 0.01904858453018463 0.01053866887939779 0.005549908214336118 0.00280811655898602


# name: mode
# type: scalar
1.6


# name: mean
# type: scalar
1.603396970919674


# name: sd
# type: scalar
0.2951677005136195


# name: modeUniformPrior
# type: scalar
1.6


# name: meanUniformPrior
# type: scalar
1.603396970919674


# name: sdUniformPrior
# type: scalar
0.2951677005136195


# name: response
# type: matrix
# rows: 1
# columns: 32
 1 1 0 1 1 1 1 1 0 0 1 0 1 1 0 1 0 0 1 0 1 0 1 1 1 0 0 0 1 1 0 1


# name: stopCriterion
# type: sq_string
# elements: 1
# length: 6
trials


# name: stopRule
# type: scalar
32


# name: stop
# type: scalar
1


# name: PF
# type: function handle
# octaveroot: /usr
# path: /home/exp/sc/palamedes1_5_0/Palamedes/PAL_Gumbel.m
PAL_Gumbel


# name: beta
# type: scalar
0.5


# name: gamma
# type: scalar
0.1666666666666667


# name: lambda
# type: scalar
0.05


# name: xMin
# type: scalar
0


# name: xMax
# type: scalar
2.5


# name: direction
# type: scalar
-1


# name: reversal
# type: matrix
# rows: 1
# columns: 32
 0 0 1 2 0 0 0 0 3 0 4 5 6 0 7 8 9 0 10 11 12 13 14 0 0 15 0 0 16 0 17 18


# name: meanmode
# type: sq_string
# elements: 1
# length: 4
mean


# name: xCurrent
# type: scalar
1.603396970919674


# name: x
# type: matrix
# rows: 1
# columns: 32
 2.5 1.568137369960872 1.102206054941308 1.102206054941308 1.568137369960872 2.5 1.568137369960872 2.5 0.6362747399217445 1.102206054941308 2.5 0.6362747399217445 1.102206054941308 2.5 0.6362747399217445 1.568137369960872 0.6362747399217445 1.102206054941308 1.102206054941308 1.568137369960872 0.6362747399217445 0.6362747399217445 1.568137369960872 1.568137369960872 2.5 0.6362747399217445 1.102206054941308 1.568137369960872 2.5 2.5 1.102206054941308 0.6362747399217445


# name: xStaircase
# type: matrix
# rows: 1
# columns: 33
 2.5 1.186099546478885 1.011512570678303 1.423209085573397 1.224554415152466 1.087865973869863 1.056348559316312 0.9525746310925722 0.93291530465836 1.12398930373209 1.351133798774358 1.322963698126102 1.430211885485456 1.325500325116498 1.303255226588351 1.394163604549397 1.322546424223424 1.3999910114595 1.506741395082212 1.429889423274252 1.570990848144568 1.500468423229577 1.5510945189647 1.493186034088283 1.439782610590434 1.424532790658152 1.470055640636692 1.538408617694975 1.634854586164609 1.615923329927554 1.598351057526845 1.650380304615633 1.603396970919674


# name: stimulus
# type: sq_string
# elements: 1
# length: 9
briefcase


# name: thc_type
# type: matrix
# rows: 1
# columns: 32
 2 1 0.5 0.5 1 2 1 2 0 0.5 2 0 0.5 2 0 1 0 0.5 0.5 1 0 0 1 1 2 0 0.5 1 2 2 0.5 0


# name: run
# type: matrix
# rows: 1
# columns: 32
 2 2 2 2 2 2 2 2 2 2 2 2 2 2 2 2 2 2 2 2 2 2 2 2 2 2 2 2 2 2 2 2


# name: noise_variance
# type: matrix
# rows: 1
# columns: 32
 0 0.9318626300391277 1.397793945058692 1.397793945058692 0.9318626300391277 0 0.9318626300391277 0 1.863725260078255 1.397793945058692 0 1.863725260078255 1.397793945058692 0 1.863725260078255 0.9318626300391277 1.863725260078255 1.397793945058692 1.397793945058692 0.9318626300391277 1.863725260078255 1.863725260078255 0.9318626300391277 0.9318626300391277 0 1.863725260078255 1.397793945058692 0.9318626300391277 0 0 1.397793945058692 1.863725260078255


# name: response_obj
# type: matrix
# rows: 1
# columns: 32
 1 1 0 1 1 1 1 1 0 0 1 0 1 1 0 1 0 0 1 0 1 0 1 1 1 0 0 0 1 1 0 1


# name: response_obj_rt
# type: matrix
# rows: 1
# columns: 32
 720.7999229431152 766.772985458374 1661.872863769531 570.3790187835693 271.773099899292 404.2608737945557 174.962043762207 369.7359561920166 1094.105005264282 0.7798671722412109 320.2691078186035 0.8389949798583984 179.7590255737305 70.07002830505371 127.8500556945801 260.3309154510498 0.804901123046875 300.969123840332 915.8871173858643 386.8389129638672 898.0951309204102 2822.121858596802 352.1630764007568 592.8409099578857 323.4469890594482 305.9000968933105 380.7680606842041 156.47292137146 173.8648414611816 0.7860660552978516 932.6748847961426 663.4728908538818


# name: response_suj
# type: matrix
# rows: 1
# columns: 32
 1 1 0 1 1 1 1 1 0 0 1 0 1 1 0 1 0 0 0 0 0 0 1 1 1 0 0 0 1 1 0 0


# name: response_suj_rt
# type: matrix
# rows: 1
# columns: 32
 587.9030227661133 357.8789234161377 1233.328104019165 271.6379165649414 185.0171089172363 191.1530494689941 93.19305419921875 231.2560081481934 242.7670955657959 427.2420406341553 289.1058921813965 2246.52099609375 277.1100997924805 294.7959899902344 219.5320129394531 288.9139652252197 375.1909732818604 277.3690223693848 289.2720699310303 346.2650775909424 311.7899894714355 277.4391174316406 184.873104095459 518.596887588501 306.5958023071289 288.7060642242432 328.8600444793701 288.7911796569824 127.8789043426514 351.0949611663818 352.0450592041016 248.6910820007324




# name: <cell-element>
# type: scalar struct
# ndims: 2
 1 1
# length: 33
# name: priorAlphaRange
# type: range
# base, limit, increment
0 2.5 0.1


# name: prior
# type: matrix
# rows: 1
# columns: 26
 0.03846153846153846 0.03846153846153846 0.03846153846153846 0.03846153846153846 0.03846153846153846 0.03846153846153846 0.03846153846153846 0.03846153846153846 0.03846153846153846 0.03846153846153846 0.03846153846153846 0.03846153846153846 0.03846153846153846 0.03846153846153846 0.03846153846153846 0.03846153846153846 0.03846153846153846 0.03846153846153846 0.03846153846153846 0.03846153846153846 0.03846153846153846 0.03846153846153846 0.03846153846153846 0.03846153846153846 0.03846153846153846 0.03846153846153846


# name: pdf
# type: matrix
# rows: 1
# columns: 26
 0.01602808822284871 0.01864330619541857 0.02295999363867062 0.02981135898326141 0.04017394819321095 0.05481159452137678 0.07352529056064476 0.09419635134627438 0.1123526301061311 0.1222184395075976 0.1193819494244734 0.1035653091833974 0.07923014497779808 0.05325309095083703 0.03142044257072166 0.01630193610043994 0.007467311602510595 0.00303813575166502 0.001106501614780306 0.0003641019232181673 0.0001093838040276187 3.034255772574221e-05 7.864651945984617e-06 1.928075470965537e-06 4.525822403187234e-07 1.029533131202039e-07


# name: mode
# type: scalar
0.9


# name: mean
# type: scalar
0.8549585322564454


# name: sd
# type: scalar
0.3419938934357915


# name: modeUniformPrior
# type: scalar
0.9


# name: meanUniformPrior
# type: scalar
0.8549585322564451


# name: sdUniformPrior
# type: scalar
0.3419938934357914


# name: response
# type: matrix
# rows: 1
# columns: 32
 1 1 1 1 1 1 1 1 1 1 0 1 0 1 1 1 1 1 1 1 1 1 1 1 1 0 1 1 1 1 1 1


# name: stopCriterion
# type: sq_string
# elements: 1
# length: 6
trials


# name: stopRule
# type: scalar
32


