# Created by Octave 3.6.4, Sun Mar 23 16:30:58 2014 CET <exp@Einzelzelle>
# name: PMs
# type: cell
# rows: 6
# columns: 6
# name: <cell-element>
# type: scalar struct
# ndims: 2
 1 1
# length: 33
# name: priorAlphaRange
# type: range
# base, limit, increment
0 2.5 0.1


# name: prior
# type: matrix
# rows: 1
# columns: 26
 0.03846153846153846 0.03846153846153846 0.03846153846153846 0.03846153846153846 0.03846153846153846 0.03846153846153846 0.03846153846153846 0.03846153846153846 0.03846153846153846 0.03846153846153846 0.03846153846153846 0.03846153846153846 0.03846153846153846 0.03846153846153846 0.03846153846153846 0.03846153846153846 0.03846153846153846 0.03846153846153846 0.03846153846153846 0.03846153846153846 0.03846153846153846 0.03846153846153846 0.03846153846153846 0.03846153846153846 0.03846153846153846 0.03846153846153846


# name: pdf
# type: matrix
# rows: 1
# columns: 26
 2.068238788482768e-07 2.102446417859858e-07 2.184756264953164e-07 2.368806041582611e-07 2.764329745709793e-07 3.61620147044664e-07 5.544566795572023e-07 1.034578618979975e-06 2.391595209042464e-06 6.774554980987568e-06 2.258529448770286e-05 8.331682633508693e-05 0.0003169220359665939 0.001161676039554276 0.003876091390212355 0.01127920007844314 0.02781521593250673 0.05718851272613057 0.09739878273732984 0.1375514920498592 0.1621264420559483 0.1611300506231162 0.136769139095023 0.1005830369925957 0.06507190178841364 0.03761336867071617


# name: mode
# type: scalar
2


# name: mean
# type: scalar
2.047815070013528


# name: sd
# type: scalar
0.2315777717822319


# name: modeUniformPrior
# type: scalar
2


# name: meanUniformPrior
# type: scalar
2.047815070013528


# name: sdUniformPrior
# type: scalar
0.2315777717822319


# name: response
# type: matrix
# rows: 1
# columns: 32
 1 1 0 1 1 0 1 0 0 0 1 1 1 1 1 0 1 1 1 1 1 1 0 1 1 0 1 0 1 1 0 1


# name: stopCriterion
# type: sq_string
# elements: 1
# length: 6
trials


# name: stopRule
# type: scalar
32


# name: stop
# type: scalar
1


# name: PF
# type: function handle
# octaveroot: /usr
# path: /home/exp/sc/palamedes1_5_0/Palamedes/PAL_Gumbel.m
PAL_Gumbel


# name: beta
# type: scalar
0.5


# name: gamma
# type: scalar
0.1666666666666667


# name: lambda
# type: scalar
0.05


# name: xMin
# type: scalar
0


# name: xMax
# type: scalar
2.5


# name: direction
# type: scalar
-1


# name: reversal
# type: matrix
# rows: 1
# columns: 32
 0 0 1 2 0 3 4 5 0 0 6 0 0 0 0 7 8 0 0 0 0 0 9 10 0 11 12 13 14 0 15 16


# name: meanmode
# type: sq_string
# elements: 1
# length: 4
mean


# name: xCurrent
# type: scalar
2.047815070013528


# name: x
# type: matrix
# rows: 1
# columns: 32
 2.5 2.5 2.218989833944059 2.5 2.218989833944059 2.078484750916089 1.937979667888118 1.937979667888118 1.937979667888118 1.937979667888118 2.218989833944059 2.5 2.218989833944059 1.937979667888118 2.5 2.078484750916089 2.218989833944059 2.078484750916089 2.078484750916089 2.078484750916089 2.078484750916089 2.5 1.937979667888118 2.078484750916089 2.218989833944059 1.937979667888118 2.5 2.078484750916089 2.218989833944059 2.218989833944059 1.937979667888118 2.5


# name: xStaircase
# type: matrix
# rows: 1
# columns: 33
 2.5 1.186099546478885 1.12966001641293 1.65724944651588 1.587973222491936 1.487776618107656 1.905545174693815 1.806889082699733 2.037690148337459 2.147573592621332 2.213433349914157 2.183961329840777 2.159359721219217 2.12657930908646 2.08590043142377 2.058414101334573 2.139220330981153 2.10846411738715 2.07371164192405 2.037952257668596 2.001574682947278 1.964965866208985 1.940761722342397 2.01684739615814 1.984038086598747 1.954698580767704 2.021210871157154 2.00045428509061 2.065122013653328 2.039779091741631 2.014678928388965 2.066184646418592 2.047815070013528


# name: stimulus
# type: sq_string
# elements: 1
# length: 4
fish


# name: thc_type
# type: matrix
# rows: 1
# columns: 32
 2 2 1 2 1 0.5 0 0 0 0 1 2 1 0 2 0.5 1 0.5 0.5 0.5 0.5 2 0 0.5 1 0 2 0.5 1 1 0 2


# name: run
# type: matrix
# rows: 1
# columns: 32
 2 2 2 2 2 2 2 2 2 2 2 2 2 2 2 2 2 2 2 2 2 2 2 2 2 2 2 2 2 2 2 2


# name: noise_variance
# type: matrix
# rows: 1
# columns: 32
 0 0 0.2810101660559408 0 0.2810101660559408 0.4215152490839111 0.5620203321118815 0.5620203321118815 0.5620203321118815 0.5620203321118815 0.2810101660559408 0 0.2810101660559408 0.5620203321118815 0 0.4215152490839111 0.2810101660559408 0.4215152490839111 0.4215152490839111 0.4215152490839111 0.4215152490839111 0 0.5620203321118815 0.4215152490839111 0.2810101660559408 0.5620203321118815 0 0.4215152490839111 0.2810101660559408 0.2810101660559408 0.5620203321118815 0


# name: response_obj
# type: matrix
# rows: 1
# columns: 32
 1 1 0 1 1 0 1 0 0 0 1 1 1 1 1 0 1 1 1 1 1 1 0 1 1 0 1 0 1 1 0 1


# name: response_obj_rt
# type: matrix
# rows: 1
# columns: 32
 365.9379482269287 300.3239631652832 765.9769058227539 358.0939769744873 283.5798263549805 696.9859600067139 930.0789833068848 386.7249488830566 346.8949794769287 223.268985748291 329.0431499481201 259.8638534545898 122.0879554748535 311.7189407348633 64.39805030822754 891.9320106506348 0.7832050323486328 0.7910728454589844 1.034021377563477 41.45598411560059 553.5759925842285 254.4050216674805 461.4419937133789 277.4019241333008 0.7879734039306641 921.3740825653076 300.3499507904053 2371.445894241333 0.8568763732910156 306.351900100708 351.9411087036133 323.523998260498


# name: response_suj
# type: matrix
# rows: 1
# columns: 32
 1 1 0 1 1 0 0 0 0 0 1 1 1 1 1 0 1 1 1 1 1 1 0 1 1 0 1 0 1 1 0 1


# name: response_suj_rt
# type: matrix
# rows: 1
# columns: 32
 527.7791023254395 415.0509834289551 449.6331214904785 444.2851543426514 297.2412109375 432.8122138977051 300.2548217773438 264.5559310913086 265.3040885925293 289.0992164611816 345.9899425506592 289.2520427703857 208.0550193786621 271.5251445770264 231.3570976257324 265.545129776001 276.2100696563721 190.8519268035889 196.4271068572998 293.9891815185547 656.8698883056641 254.1251182556152 277.141809463501 208.0190181732178 30.2891731262207 133.2051753997803 1445.024013519287 244.0319061279297 323.4870433807373 248.5659122467041 191.2829875946045 2063.348054885864




# name: <cell-element>
# type: scalar struct
# ndims: 2
 1 1
# length: 33
# name: priorAlphaRange
# type: range
# base, limit, increment
0 2.5 0.1


# name: prior
# type: matrix
# rows: 1
# columns: 26
 0.03846153846153846 0.03846153846153846 0.03846153846153846 0.03846153846153846 0.03846153846153846 0.03846153846153846 0.03846153846153846 0.03846153846153846 0.03846153846153846 0.03846153846153846 0.03846153846153846 0.03846153846153846 0.03846153846153846 0.03846153846153846 0.03846153846153846 0.03846153846153846 0.03846153846153846 0.03846153846153846 0.03846153846153846 0.03846153846153846 0.03846153846153846 0.03846153846153846 0.03846153846153846 0.03846153846153846 0.03846153846153846 0.03846153846153846


# name: pdf
# type: matrix
# rows: 1
# columns: 26
 0.0002649431254493191 0.0002652358272064578 0.0002661356555587128 0.0002685725809558406 0.0002744904344370096 0.0002876343026348125 0.0003149679707901403 0.0003696857623791558 0.0004783933091613532 0.0006989357626766911 0.001164628538271302 0.002189996809558399 0.004499432739208816 0.009623266484979678 0.0202849743383462 0.04001928679364743 0.07082523394079901 0.1090529175425034 0.1433387202326634 0.1593839221248041 0.1497565003861383 0.1194688039857555 0.08164827957798122 0.04837314346190097 0.0251862833784685 0.01169561493372422


# name: mode
# type: scalar
1.9


# name: mean
# type: scalar
1.902302072675939


# name: sd
# type: scalar
0.2651801195475651


# name: modeUniformPrior
# type: scalar
1.9


# name: meanUniformPrior
# type: scalar
1.90230207267594


# name: sdUniformPrior
# type: scalar
0.2651801195475651


# name: response
# type: matrix
# rows: 1
# columns: 32
 1 1 1 0 1 1 1 0 1 1 0 1 1 0 1 1 1 1 1 1 1 0 0 1 1 1 1 0 1 1 1 1


# name: stopCriterion
# type: sq_string
# elements: 1
# length: 6
trials


# name: stopRule
# type: scalar
32


