# Created by Octave 3.6.4, Sun Mar 23 15:52:26 2014 CET <exp@Einzelzelle>
# name: PMs
# type: cell
# rows: 6
# columns: 6
# name: <cell-element>
# type: scalar struct
# ndims: 2
 1 1
# length: 33
# name: priorAlphaRange
# type: range
# base, limit, increment
0 2.5 0.1


# name: prior
# type: matrix
# rows: 1
# columns: 26
 0.03846153846153846 0.03846153846153846 0.03846153846153846 0.03846153846153846 0.03846153846153846 0.03846153846153846 0.03846153846153846 0.03846153846153846 0.03846153846153846 0.03846153846153846 0.03846153846153846 0.03846153846153846 0.03846153846153846 0.03846153846153846 0.03846153846153846 0.03846153846153846 0.03846153846153846 0.03846153846153846 0.03846153846153846 0.03846153846153846 0.03846153846153846 0.03846153846153846 0.03846153846153846 0.03846153846153846 0.03846153846153846 0.03846153846153846


# name: pdf
# type: matrix
# rows: 1
# columns: 26
 3.874742521157966e-10 6.655536733061813e-10 1.196883816491193e-09 2.264089063122883e-09 4.544574991286449e-09 9.797644409713582e-09 2.300877425218054e-08 5.966166482423764e-08 1.724311214269642e-07 5.560317592517901e-07 1.978902872127708e-06 7.588769488976784e-06 3.027100524101787e-05 0.000120417299627067 0.000457346324440574 0.001593529045722835 0.004929894633998527 0.01322530311984435 0.03032374055827697 0.05905371705893801 0.09771475509588086 0.1381171282823884 0.1682508482897687 0.1786220496161356 0.1673484746156224 0.1402021273922137


# name: mode
# type: scalar
2.3


# name: mean
# type: scalar
2.218989833944059


# name: sd
# type: scalar
0.206131324772369


# name: modeUniformPrior
# type: scalar
2.3


# name: meanUniformPrior
# type: scalar
2.218989833944059


# name: sdUniformPrior
# type: scalar
0.206131324772369


# name: response
# type: matrix
# rows: 1
# columns: 32
 1 0 1 0 0 1 1 0 0 1 1 1 0 0 0 0 0 0 1 0 1 1 0 1 1 1 0 1 1 1 1 1


# name: stopCriterion
# type: sq_string
# elements: 1
# length: 6
trials


# name: stopRule
# type: scalar
32


# name: stop
# type: scalar
1


# name: PF
# type: function handle
# octaveroot: /usr
# path: /home/exp/sc/palamedes1_5_0/Palamedes/PAL_Gumbel.m
PAL_Gumbel


# name: beta
# type: scalar
0.5


# name: gamma
# type: scalar
0.1666666666666667


# name: lambda
# type: scalar
0.05


# name: xMin
# type: scalar
0


# name: xMax
# type: scalar
2.5


# name: direction
# type: scalar
-1


# name: reversal
# type: matrix
# rows: 1
# columns: 32
 0 1 2 3 0 4 0 5 0 6 0 0 7 0 0 0 0 0 8 9 10 0 11 12 0 0 13 14 0 0 0 0


# name: meanmode
# type: sq_string
# elements: 1
# length: 4
mean


# name: xCurrent
# type: scalar
2.218989833944059


# name: x
# type: matrix
# rows: 1
# columns: 32
 2.5 0 0.1859173826245182 1.091948664657338 1.494163245512985 1.813981237938034 0.9073666338066348 0.5920436136534724 1.66643373693251 2.5 2.5 2.5 1.013320418870481 1.841637783327708 1.979540803436648 2.5 2.195937705530106 2.256837025580638 2.302702250553793 2.284726641579438 2.322972165389526 2.115366726997946 2.078505775762691 2.5 2.305807448254772 2.5 2.049936294011802 2.30439149330179 2.288854612073107 2.5 2.257272123958935 2.2386638083172


# name: xStaircase
# type: matrix
# rows: 1
# columns: 33
 2.5 1.186099546478885 1.342958691312259 1.091948664657338 1.494163245512985 1.813981237938034 1.703683316903317 1.546021806826736 1.66643373693251 1.883621552653866 1.839667328643299 1.79720860876113 1.75666020943524 1.841637783327708 1.979540803436648 2.087968431443129 2.195937705530106 2.256837025580638 2.302702250553793 2.284726641579438 2.322972165389526 2.307683363498973 2.289252887881346 2.318958882277869 2.305807448254772 2.289729029962562 2.274968147005901 2.30439149330179 2.288854612073107 2.272220563996762 2.257272123958935 2.2386638083172 2.218989833944059


# name: stimulus
# type: sq_string
# elements: 1
# length: 4
fish


# name: thc_type
# type: matrix
# rows: 1
# columns: 32
 2 0 0 1 1 1 0 0 0.5 2 2 2 0 1 0.5 2 0.5 0.5 0.5 0.5 0.5 0 0 2 1 2 0 1 0.5 2 1 1


# name: run
# type: matrix
# rows: 1
# columns: 32
 1 1 1 1 1 1 1 1 1 1 1 1 1 1 1 1 1 1 1 1 1 1 1 1 1 1 1 1 1 1 1 1


# name: noise_variance
# type: matrix
# rows: 1
# columns: 32
 0 2.5 2.314082617375482 1.408051335342662 1.005836754487015 0.6860187620619658 1.592633366193365 1.907956386346528 0.83356626306749 0 0 0 1.486679581129519 0.6583622166722918 0.5204591965633525 0 0.3040622944698939 0.243162974419362 0.1972977494462071 0.2152733584205615 0.1770278346104743 0.3846332730020539 0.4214942242373088 0 0.1941925517452283 0 0.4500637059881978 0.1956085066982101 0.2111453879268925 0 0.2427278760410654 0.2613361916828003


# name: response_obj
# type: matrix
# rows: 1
# columns: 32
 1 0 1 0 0 1 1 0 0 1 1 1 0 0 0 0 0 0 1 0 1 1 0 1 1 1 0 1 1 1 1 1


# name: response_obj_rt
# type: matrix
# rows: 1
# columns: 32
 1132.856130599976 1046.336889266968 799.5572090148926 834.5150947570801 876.1038780212402 868.704080581665 610.2290153503418 833.8727951049805 477.7350425720215 1098.549127578735 673.0899810791016 420.3529357910156 1017.846822738647 1149.880886077881 446.0711479187012 1162.270069122314 880.1369667053223 891.6549682617188 464.2109870910645 335.1218700408936 0.7789134979248047 179.5008182525635 1265.208005905151 41.20779037475586 0.8919239044189453 313.3091926574707 540.8329963684082 173.2690334320068 87.31698989868164 0.7808208465576172 254.4801235198975 144.5469856262207


# name: response_suj
# type: matrix
# rows: 1
# columns: 32
 1 0 0 0 0 0 0 0 0 1 1 1 0 0 0 0 0 0 1 0 0 1 0 1 1 1 0 1 1 1 1 1


# name: response_suj_rt
# type: matrix
# rows: 1
# columns: 32
 828.3190727233887 770.9269523620605 575.624942779541 615.5149936676025 610.7990741729736 914.7980213165283 334.6130847930908 414.6931171417236 290.0807857513428 409.8038673400879 788.1379127502441 387.7689838409424 272.9561328887939 202.2130489349365 253.4730434417725 219.228982925415 247.76291847229 202.1579742431641 144.7458267211914 23.97894859313965 258.2640647888184 288.4769439697266 196.3608264923096 198.793888092041 276.4530181884766 1897.552967071533 316.9040679931641 259.7448825836182 207.4148654937744 152.5359153747559 196.3098049163818 184.9908828735352




# name: <cell-element>
# type: scalar struct
# ndims: 2
 1 1
# length: 33
# name: priorAlphaRange
# type: range
# base, limit, increment
0 2.5 0.1


# name: prior
# type: matrix
# rows: 1
# columns: 26
 0.03846153846153846 0.03846153846153846 0.03846153846153846 0.03846153846153846 0.03846153846153846 0.03846153846153846 0.03846153846153846 0.03846153846153846 0.03846153846153846 0.03846153846153846 0.03846153846153846 0.03846153846153846 0.03846153846153846 0.03846153846153846 0.03846153846153846 0.03846153846153846 0.03846153846153846 0.03846153846153846 0.03846153846153846 0.03846153846153846 0.03846153846153846 0.03846153846153846 0.03846153846153846 0.03846153846153846 0.03846153846153846 0.03846153846153846


# name: pdf
# type: matrix
# rows: 1
# columns: 26
 6.763317462923216e-13 1.094612780792618e-12 1.889444428226014e-12 3.510480928191944e-12 7.090032546297955e-12 1.5766780153862e-11 3.928718443331938e-11 1.121521754775508e-10 3.75487574730086e-10 1.499852556256388e-09 7.155489348227238e-09 3.988062138077268e-08 2.480809882229531e-07 1.618968313906185e-06 1.03670195941509e-05 6.126900001290927e-05 0.0003182186683503328 0.001403286271248148 0.005146258914077819 0.01554848054850147 0.03867503157799363 0.0796383859236223 0.1370911537477978 0.1997655608438013 0.2499082053392019 0.2724318660035783


# name: mode
# type: scalar
2.5


# name: mean
# type: scalar
2.328320347694712


# name: sd
# type: scalar
0.1584820136294551


# name: modeUniformPrior
# type: scalar
2.5


# name: meanUniformPrior
# type: scalar
2.328320347694712


# name: sdUniformPrior
# type: scalar
0.1584820136294551


# name: response
# type: matrix
# rows: 1
# columns: 32
 1 1 0 0 1 0 0 0 1 0 0 0 1 1 1 0 1 1 0 1 0 0 0 0 0 0 1 1 1 1 1 1


# name: stopCriterion
# type: sq_string
# elements: 1
# length: 6
trials


# name: stopRule
# type: scalar
32


# name: stop
# type: scalar
1


