# Created by Octave 3.6.4, Sat Mar 08 16:24:00 2014 CET <exp@Einzelzelle>
# name: PMs
# type: cell
# rows: 6
# columns: 6
# name: <cell-element>
# type: scalar struct
# ndims: 2
 1 1
# length: 33
# name: priorAlphaRange
# type: range
# base, limit, increment
0 2.5 0.1


# name: prior
# type: matrix
# rows: 1
# columns: 26
 0.03846153846153846 0.03846153846153846 0.03846153846153846 0.03846153846153846 0.03846153846153846 0.03846153846153846 0.03846153846153846 0.03846153846153846 0.03846153846153846 0.03846153846153846 0.03846153846153846 0.03846153846153846 0.03846153846153846 0.03846153846153846 0.03846153846153846 0.03846153846153846 0.03846153846153846 0.03846153846153846 0.03846153846153846 0.03846153846153846 0.03846153846153846 0.03846153846153846 0.03846153846153846 0.03846153846153846 0.03846153846153846 0.03846153846153846


# name: pdf
# type: matrix
# rows: 1
# columns: 26
 9.280329770771339e-10 1.943174964922613e-09 4.491985573503629e-09 1.158703414089789e-08 3.354830163509181e-08 1.088830172015314e-07 3.921527403495953e-07 1.53672987584284e-06 6.364102703525195e-06 2.684799909117825e-05 0.0001107589215324133 0.0004290950089048504 0.001505910774095342 0.004651787111259726 0.01239148302219832 0.02811225687596782 0.05401792409632473 0.08791952513420841 0.1217433345461369 0.1445132046967956 0.1485059559050045 0.1336245586959633 0.1065797062625028 0.07632356032229802 0.0497102817150111 0.0298253545458387


# name: mode
# type: scalar
2


# name: mean
# type: scalar
1.979100331523644


# name: sd
# type: scalar
0.2560236720784401


# name: modeUniformPrior
# type: scalar
2


# name: meanUniformPrior
# type: scalar
1.979100331523644


# name: sdUniformPrior
# type: scalar
0.2560236720784401


# name: response
# type: matrix
# rows: 1
# columns: 32
 1 1 1 1 0 1 0 0 0 1 0 0 0 0 1 1 1 0 0 0 0 1 1 1 1 1 1 1 1 1 1 0


# name: stopCriterion
# type: sq_string
# elements: 1
# length: 6
trials


# name: stopRule
# type: scalar
32


# name: stop
# type: scalar
1


# name: PF
# type: function handle
# octaveroot: /usr
# path: /home/exp/sc/palamedes1_5_0/Palamedes/PAL_Gumbel.m
PAL_Gumbel


# name: beta
# type: scalar
0.5


# name: gamma
# type: scalar
0.1666666666666667


# name: lambda
# type: scalar
0.05


# name: xMin
# type: scalar
0


# name: xMax
# type: scalar
2.5


# name: direction
# type: scalar
1


# name: reversal
# type: matrix
# rows: 1
# columns: 32
 0 0 0 0 1 2 3 0 0 4 5 0 0 0 6 0 0 7 0 0 0 8 0 0 0 0 0 0 0 0 0 9


# name: meanmode
# type: sq_string
# elements: 1
# length: 4
mean


# name: xCurrent
# type: scalar
1.979100331523644


# name: x
# type: matrix
# rows: 1
# columns: 32
 2.5 2.5 1.12966001641293 0.918957665858388 0.7357349096750485 2.5 0 1.11697144062755 1.411088440069458 2.5 0.739687356489505 1.711831718116697 1.882570498406884 1.533370781411141 2.5 2.0553024418752 1.519062355834418 1.951302966554379 1.60255405503595 2.106876970600094 1.856657862369827 2.22205156318863 2.197043905533263 2.5 2.148617347636062 2.119295739299677 2.088656509238702 2.5 1.568811781752922 1.996075404186964 2.5 1.382886035843012


# name: xStaircase
# type: matrix
# rows: 1
# columns: 33
 2.5 1.186099546478885 1.12966001641293 0.918957665858388 0.7357349096750485 1.028877947012411 0.9968916277473768 1.11697144062755 1.411088440069458 1.662319004300173 1.619843678244753 1.711831718116697 1.882570498406884 2.01668539070557 2.085810888382849 2.0553024418752 2.009531177917209 1.951302966554379 2.051277027517975 2.106876970600094 2.178328931184914 2.22205156318863 2.197043905533263 2.17031499363746 2.148617347636062 2.119295739299677 2.088656509238702 2.05691975178028 2.034405890876461 1.996075404186964 1.962561000394329 1.941443017921506 1.979100331523644


# name: stimulus
# type: sq_string
# elements: 1
# length: 4
fish


# name: thc_type
# type: matrix
# rows: 1
# columns: 32
 2 2 1 0.5 1 2 0 0.5 1 2 0 0.5 0.5 0 2 0.5 0 1 0 1 0 1 1 2 0.5 1 0.5 2 0 0.5 2 0


# name: run
# type: matrix
# rows: 1
# columns: 32
 1 1 1 1 1 1 1 1 1 1 1 1 1 1 1 1 1 1 1 1 1 1 1 1 1 1 1 1 1 1 1 1


# name: noise_variance
# type: matrix
# rows: 1
# columns: 32
 0 0 1.37033998358707 1.581042334141612 1.764265090324951 0 2.5 1.38302855937245 1.088911559930542 0 1.760312643510495 0.7881682818833027 0.6174295015931164 0.9666292185888592 0 0.4446975581248003 0.9809376441655822 0.5486970334456209 0.8974459449640495 0.3931230293999057 0.6433421376301727 0.2779484368113705 0.3029560944667367 0 0.3513826523639381 0.3807042607003228 0.4113434907612978 0 0.9311882182470779 0.5039245958130358 0 1.117113964156988


# name: response_obj
# type: matrix
# rows: 1
# columns: 32
 1 1 1 1 0 1 0 0 0 1 0 0 0 0 1 1 1 0 0 0 0 1 1 1 1 1 1 1 1 1 1 0


# name: response_obj_rt
# type: matrix
# rows: 1
# columns: 32
 715.2149677276611 782.9868793487549 1482.769012451172 650.968074798584 404.1121006011963 640.0258541107178 558.8650703430176 2293.581008911133 1341.547966003418 1239.810943603516 1865.28491973877 220.0157642364502 4237.18786239624 427.3140430450439 450.1709938049316 259.8419189453125 2097.561836242676 886.5931034088135 3355.199813842773 265.8760547637939 305.6352138519287 328.8040161132812 265.8588886260986 167.9527759552002 265.6769752502441 0.7851123809814453 0.8401870727539062 0.7979869842529297 749.1941452026367 254.4407844543457 1483.811140060425 662.8689765930176


# name: response_suj
# type: matrix
# rows: 1
# columns: 32
 1 1 0 0 0 1 0 0 0 1 0 0 0 0 1 1 0 0 0 0 0 1 1 1 1 1 1 1 1 1 1 0


# name: response_suj_rt
# type: matrix
# rows: 1
# columns: 32
 495.758056640625 495.6099987030029 231.1389446258545 110.5630397796631 260.0409984588623 409.6100330352783 191.2097930908203 306.300163269043 289.0429496765137 602.3240089416504 219.9361324310303 202.3618221282959 294.4061756134033 254.1530132293701 196.6090202331543 150.8657932281494 122.6270198822021 0.7870197296142578 328.8319110870361 7.177114486694336 6.895065307617188 0.7758140563964844 0.8180141448974609 0.8070468902587891 472.7499485015869 0.7889270782470703 909.5180034637451 651.3810157775879 0.8339881896972656 0.7829666137695312 23.95105361938477 0.7789134979248047




# name: <cell-element>
# type: scalar struct
# ndims: 2
 1 1
# length: 33
# name: priorAlphaRange
# type: range
# base, limit, increment
0 2.5 0.1


# name: prior
# type: matrix
# rows: 1
# columns: 26
 0.03846153846153846 0.03846153846153846 0.03846153846153846 0.03846153846153846 0.03846153846153846 0.03846153846153846 0.03846153846153846 0.03846153846153846 0.03846153846153846 0.03846153846153846 0.03846153846153846 0.03846153846153846 0.03846153846153846 0.03846153846153846 0.03846153846153846 0.03846153846153846 0.03846153846153846 0.03846153846153846 0.03846153846153846 0.03846153846153846 0.03846153846153846 0.03846153846153846 0.03846153846153846 0.03846153846153846 0.03846153846153846 0.03846153846153846


# name: pdf
# type: matrix
# rows: 1
# columns: 26
 4.026991670262296e-06 1.155369051799589e-05 3.4325203530214e-05 0.0001036880868099252 0.0003098774548056852 0.0008881478267557516 0.002370681687793262 0.005756101142516652 0.01251376689963588 0.02416713937089716 0.04141763877357114 0.06323644920862892 0.08657285351582462 0.1069740287891052 0.1198845497455843 0.1221728726506641 0.1133494447686625 0.0958446761534071 0.07402367959448981 0.05242253539582027 0.03423442642443524 0.02076336528147692 0.01179161787719747 0.0063258650698071 0.003235109613559394 0.001591578782833174


# name: mode
# type: scalar
1.5


# name: mean
# type: scalar
1.484296024237538


# name: sd
# type: scalar
0.3248416373916252


# name: modeUniformPrior
# type: scalar
1.5


# name: meanUniformPrior
# type: scalar
1.484296024237539


# name: sdUniformPrior
# type: scalar
0.3248416373916252


# name: response
# type: matrix
# rows: 1
# columns: 32
 0 1 1 1 1 0 1 0 1 0 1 0 0 1 1 1 1 1 1 0 0 0 1 0 1 1 1 1 1 0 1 0


# name: stopCriterion
# type: sq_string
# elements: 1
# length: 6
trials


# name: stopRule
# type: scalar
32


# name: stop
# type: scalar
1


