# Created by Octave 3.6.4, Sat Mar 08 16:59:53 2014 CET <exp@Einzelzelle>
# name: PMs
# type: cell
# rows: 6
# columns: 6
# name: <cell-element>
# type: scalar struct
# ndims: 2
 1 1
# length: 33
# name: priorAlphaRange
# type: range
# base, limit, increment
0 2.5 0.1


# name: prior
# type: matrix
# rows: 1
# columns: 26
 0.03846153846153846 0.03846153846153846 0.03846153846153846 0.03846153846153846 0.03846153846153846 0.03846153846153846 0.03846153846153846 0.03846153846153846 0.03846153846153846 0.03846153846153846 0.03846153846153846 0.03846153846153846 0.03846153846153846 0.03846153846153846 0.03846153846153846 0.03846153846153846 0.03846153846153846 0.03846153846153846 0.03846153846153846 0.03846153846153846 0.03846153846153846 0.03846153846153846 0.03846153846153846 0.03846153846153846 0.03846153846153846 0.03846153846153846


# name: pdf
# type: matrix
# rows: 1
# columns: 26
 4.015087231478353e-18 6.331277598360207e-18 1.271978301277254e-17 3.439477358980131e-17 1.299456523030679e-16 6.949219701482835e-16 5.187412189425773e-15 5.191805572004537e-14 6.539449846907423e-13 9.566986804364518e-12 1.488702132932664e-10 2.262823667582249e-09 3.12188540758491e-08 3.693854179634504e-07 3.604459380609455e-06 2.8333261339093e-05 0.000177463471201933 0.0008843643339862241 0.003524801339941431 0.01134699453016189 0.02988301114244228 0.06532828020925364 0.1204090502691256 0.1901045134010082 0.2611885712513987 0.3171206093045155


# name: mode
# type: scalar
2.5


# name: mean
# type: scalar
2.34848915579022


# name: sd
# type: scalar
0.1502521742946833


# name: modeUniformPrior
# type: scalar
2.5


# name: meanUniformPrior
# type: scalar
2.34848915579022


# name: sdUniformPrior
# type: scalar
0.1502521742946833


# name: response
# type: matrix
# rows: 1
# columns: 32
 0 1 1 0 0 0 0 0 0 0 0 0 0 0 1 0 1 1 0 1 1 1 1 0 0 1 0 0 1 1 0 1


# name: stopCriterion
# type: sq_string
# elements: 1
# length: 6
trials


# name: stopRule
# type: scalar
32


# name: stop
# type: scalar
1


# name: PF
# type: function handle
# octaveroot: /usr
# path: /home/exp/sc/palamedes1_5_0/Palamedes/PAL_Gumbel.m
PAL_Gumbel


# name: beta
# type: scalar
0.5


# name: gamma
# type: scalar
0.1666666666666667


# name: lambda
# type: scalar
0.05


# name: xMin
# type: scalar
0


# name: xMax
# type: scalar
2.5


# name: direction
# type: scalar
-1


# name: reversal
# type: matrix
# rows: 1
# columns: 32
 0 1 0 2 0 0 0 0 0 0 0 0 0 0 3 4 5 0 6 7 0 0 0 8 0 9 10 0 11 0 12 13


# name: meanmode
# type: sq_string
# elements: 1
# length: 4
mean


# name: xCurrent
# type: scalar
2.34848915579022


# name: x
# type: matrix
# rows: 1
# columns: 32
 1.979100331523644 2.5 2.5 1.718650497285467 1.979100331523644 1.458200663047289 1.979100331523644 1.458200663047289 1.979100331523644 1.458200663047289 1.718650497285467 1.718650497285467 1.458200663047289 1.979100331523644 2.5 1.458200663047289 1.979100331523644 1.458200663047289 1.458200663047289 2.5 2.5 2.5 1.718650497285467 1.458200663047289 1.718650497285467 1.979100331523644 1.718650497285467 1.979100331523644 2.5 1.718650497285467 1.718650497285467 2.5


# name: xStaircase
# type: matrix
# rows: 1
# columns: 33
 1.979100331523644 1.805589729125126 1.738706987777531 1.672945474919786 1.975678071761189 2.131124644470437 2.186822826179273 2.248506160373192 2.274985212297179 2.31050323018359 2.326823970267107 2.345094665857264 2.360401428694622 2.370368743550951 2.385367924523108 2.376876078117586 2.384917095318091 2.37407775709995 2.3617849100705 2.37101191645941 2.361630522623055 2.351611044271905 2.340938090473237 2.325352389036492 2.337260644884334 2.351353649808046 2.337818745419613 2.351572200135579 2.367341760610449 2.35833756990237 2.345511525065394 2.357938414251912 2.34848915579022


# name: stimulus
# type: sq_string
# elements: 1
# length: 4
fish


# name: thc_type
# type: matrix
# rows: 1
# columns: 32
 1 2 2 0.5 1 0 1 0 1 0 0.5 0.5 0 1 2 0 1 0 0 2 2 2 0.5 0 0.5 1 0.5 1 2 0.5 0.5 2


# name: run
# type: matrix
# rows: 1
# columns: 32
 2 2 2 2 2 2 2 2 2 2 2 2 2 2 2 2 2 2 2 2 2 2 2 2 2 2 2 2 2 2 2 2


# name: noise_variance
# type: matrix
# rows: 1
# columns: 32
 0.5208996684763556 0 0 0.7813495027145334 0.5208996684763556 1.041799336952711 0.5208996684763556 1.041799336952711 0.5208996684763556 1.041799336952711 0.7813495027145334 0.7813495027145334 1.041799336952711 0.5208996684763556 0 1.041799336952711 0.5208996684763556 1.041799336952711 1.041799336952711 0 0 0 0.7813495027145334 1.041799336952711 0.7813495027145334 0.5208996684763556 0.7813495027145334 0.5208996684763556 0 0.7813495027145334 0.7813495027145334 0


# name: response_obj
# type: matrix
# rows: 1
# columns: 32
 0 1 1 0 0 0 0 0 0 0 0 0 0 0 1 0 1 1 0 1 1 1 1 0 0 1 0 0 1 1 0 1


# name: response_obj_rt
# type: matrix
# rows: 1
# columns: 32
 0.7801055908203125 174.163818359375 231.5878868103027 0.7939338684082031 2933.907985687256 616.6510581970215 312.1199607849121 1445.397853851318 645.017147064209 6.029129028320312 1659.816980361938 882.1208477020264 35.45808792114258 2274.00016784668 524.1050720214844 501.7540454864502 197.1089839935303 162.5258922576904 616.4348125457764 400.7091522216797 260.0910663604736 306.0941696166992 335.2041244506836 145.0459957122803 455.4579257965088 128.5750865936279 720.9169864654541 392.6548957824707 64.35394287109375 121.9990253448486 259.9198818206787 12.41087913513184


# name: response_suj
# type: matrix
# rows: 1
# columns: 32
 0 1 1 0 0 0 0 0 0 0 0 0 0 1 1 0 1 0 0 1 1 1 1 0 0 1 1 0 1 0 0 1


# name: response_suj_rt
# type: matrix
# rows: 1
# columns: 32
 295.0320243835449 12.46404647827148 0.8859634399414062 0.8130073547363281 0.8330345153808594 53.46584320068359 0.7839202880859375 116.2409782409668 202.4440765380859 133.4588527679443 6.730794906616211 0.7839202880859375 75.80995559692383 0.8938312530517578 1077.440023422241 331.5551280975342 18.19682121276855 6.999015808105469 35.80784797668457 387.2051239013672 0.7851123809814453 392.0750617980957 271.9931602478027 0.7989406585693359 87.29887008666992 0.7879734039306641 0.7791519165039062 0.7848739624023438 685.9240531921387 139.1229629516602 0.782012939453125 0.7839202880859375




# name: <cell-element>
# type: scalar struct
# ndims: 2
 1 1
# length: 33
# name: priorAlphaRange
# type: range
# base, limit, increment
0 2.5 0.1


# name: prior
# type: matrix
# rows: 1
# columns: 26
 0.03846153846153846 0.03846153846153846 0.03846153846153846 0.03846153846153846 0.03846153846153846 0.03846153846153846 0.03846153846153846 0.03846153846153846 0.03846153846153846 0.03846153846153846 0.03846153846153846 0.03846153846153846 0.03846153846153846 0.03846153846153846 0.03846153846153846 0.03846153846153846 0.03846153846153846 0.03846153846153846 0.03846153846153846 0.03846153846153846 0.03846153846153846 0.03846153846153846 0.03846153846153846 0.03846153846153846 0.03846153846153846 0.03846153846153846


# name: pdf
# type: matrix
# rows: 1
# columns: 26
 7.850174408576718e-13 6.278878014861776e-12 5.276704338808057e-11 4.555277882241993e-10 3.926261673790113e-09 3.263058903426549e-08 2.518813908775804e-07 1.744682797131365e-06 1.055149648333953e-05 5.468946456985428e-05 0.0002403976808246349 0.0008925829846764953 0.002801108415179083 0.007457639840662826 0.01694248801738145 0.03307956223288412 0.05595795756708004 0.08273690322846858 0.1079238900653016 0.1254097222616102 0.131118553708966 0.1245921511838756 0.1086868056961933 0.08790740779269079 0.06656217289300231 0.04762338183375249


# name: mode
# type: scalar
2


# name: mean
# type: scalar
1.994389626481235


# name: sd
# type: scalar
0.2808281489455819


# name: modeUniformPrior
# type: scalar
2


# name: meanUniformPrior
# type: scalar
1.994389626481235


# name: sdUniformPrior
# type: scalar
0.2808281489455819


# name: response
# type: matrix
# rows: 1
# columns: 32
 0 0 0 0 0 0 0 0 1 0 0 1 1 1 0 1 0 1 1 1 1 0 1 0 0 1 0 1 1 1 0 0


# name: stopCriterion
# type: sq_string
# elements: 1
# length: 6
trials


