# Created by Octave 3.6.4, Wed Mar 05 17:25:37 2014 CET <exp@Einzelzelle>
# name: PMs
# type: cell
# rows: 6
# columns: 6
# name: <cell-element>
# type: scalar struct
# ndims: 2
 1 1
# length: 33
# name: priorAlphaRange
# type: range
# base, limit, increment
0 2.5 0.1


# name: prior
# type: matrix
# rows: 1
# columns: 26
 0.03846153846153846 0.03846153846153846 0.03846153846153846 0.03846153846153846 0.03846153846153846 0.03846153846153846 0.03846153846153846 0.03846153846153846 0.03846153846153846 0.03846153846153846 0.03846153846153846 0.03846153846153846 0.03846153846153846 0.03846153846153846 0.03846153846153846 0.03846153846153846 0.03846153846153846 0.03846153846153846 0.03846153846153846 0.03846153846153846 0.03846153846153846 0.03846153846153846 0.03846153846153846 0.03846153846153846 0.03846153846153846 0.03846153846153846


# name: pdf
# type: matrix
# rows: 1
# columns: 26
 6.367580324520527e-09 1.993488708366917e-08 6.900288067431908e-08 2.622053874458648e-07 1.071837967181736e-06 4.566808608211614e-06 1.951086484111498e-05 8.027149155479473e-05 0.0003064892542025345 0.001053969685743605 0.003194600274473229 0.008418599560656782 0.01915196172658363 0.03753478487910183 0.06347406217452108 0.09301454283195611 0.1188483454936065 0.1334276853114229 0.1327698260192295 0.1182179511273724 0.09513907697443312 0.06992310365100543 0.04742538132397293 0.0299945670501603 0.01787043728129531 0.01012883686655606


# name: mode
# type: scalar
1.7


# name: mean
# type: scalar
1.773117970958284


# name: sd
# type: scalar
0.2922343083591242


# name: modeUniformPrior
# type: scalar
1.7


# name: meanUniformPrior
# type: scalar
1.773117970958284


# name: sdUniformPrior
# type: scalar
0.2922343083591242


# name: response
# type: matrix
# rows: 1
# columns: 32
 0 0 1 1 1 1 1 1 1 0 1 0 1 0 0 1 0 1 1 0 0 0 1 1 1 0 0 1 0 1 1 0


# name: stopCriterion
# type: sq_string
# elements: 1
# length: 6
trials


# name: stopRule
# type: scalar
32


# name: stop
# type: scalar
1


# name: PF
# type: function handle
# octaveroot: /usr
# path: /home/exp/sc/palamedes1_5_0/Palamedes/PAL_Gumbel.m
PAL_Gumbel


# name: beta
# type: scalar
0.5


# name: gamma
# type: scalar
0.1666666666666667


# name: lambda
# type: scalar
0.05


# name: xMin
# type: scalar
0


# name: xMax
# type: scalar
2.5


# name: direction
# type: scalar
1


# name: reversal
# type: matrix
# rows: 1
# columns: 32
 0 0 1 0 0 0 0 0 0 2 3 4 5 6 0 7 8 9 0 10 0 0 11 0 0 12 0 13 14 15 0 16


# name: meanmode
# type: sq_string
# elements: 1
# length: 4
mean


# name: xCurrent
# type: scalar
1.773117970958284


# name: x
# type: matrix
# rows: 1
# columns: 32
 1.250000000000001 0.8801955800501724 2.5 1.808074793869857 1.693615448458237 1.569446884248347 0.3797809420783009 2.5 1.245458797835994 0 2.5 0 1.247455506602156 0 1.207611157343119 1.39081805472958 1.305299716553137 0.4255573192639486 2.5 1.35698514429229 0.4904145300581351 0.5871489359664022 2.5 1.568740673770145 1.509363835550384 1.452716119638162 1.557984958607573 2.5 1.638146505413023 2.5 2.5 1.689972914427957


# name: xStaircase
# type: matrix
# rows: 1
# columns: 33
 1.250000000000001 1.690097790025086 1.863913279550938 1.808074793869857 1.693615448458237 1.569446884248347 1.43989047103915 1.27962320874986 1.245458797835994 1.116376926232929 1.200313915194809 1.175774715709829 1.247455506602156 1.142922400397306 1.207611157343119 1.39081805472958 1.305299716553137 1.462778659631974 1.376997451146655 1.35698514429229 1.495207265029068 1.543574467983201 1.592626690729763 1.568740673770145 1.509363835550384 1.452716119638162 1.557984958607573 1.659214630172758 1.638146505413023 1.731522741154241 1.710034794308622 1.689972914427957 1.773117970958284


# name: stimulus
# type: sq_string
# elements: 1
# length: 4
shoe


# name: thc_type
# type: matrix
# rows: 1
# columns: 32
 1 0 2 1 1 0.5 0 2 0.5 0 2 0 0.5 0 1 0.5 0.5 0 2 0.5 0 0 2 1 1 0.5 0.5 2 1 2 2 1


# name: run
# type: matrix
# rows: 1
# columns: 32
 1 1 1 1 1 1 1 1 1 1 1 1 1 1 1 1 1 1 1 1 1 1 1 1 1 1 1 1 1 1 1 1


# name: noise_variance
# type: matrix
# rows: 1
# columns: 32
 1.249999999999999 1.619804419949828 0 0.6919252061301433 0.8063845515417634 0.9305531157516533 2.120219057921699 0 1.254541202164006 2.5 0 2.5 1.252544493397844 2.5 1.292388842656881 1.10918194527042 1.194700283446863 2.074442680736051 0 1.14301485570771 2.009585469941865 1.912851064033598 0 0.9312593262298552 0.9906361644496158 1.047283880361838 0.9420150413924271 0 0.8618534945869767 0 0 0.8100270855720433


# name: response_obj
# type: matrix
# rows: 1
# columns: 32
 0 0 1 1 1 1 1 1 1 0 1 0 1 0 0 1 0 1 1 0 0 0 1 1 1 0 0 1 0 1 1 0


# name: response_obj_rt
# type: matrix
# rows: 1
# columns: 32
 3518.078088760376 1271.54803276062 1193.240880966187 1121.196985244751 1266.709089279175 1535.163879394531 1597.976922988892 403.1879901885986 1069.401025772095 1017.812967300415 489.3729686737061 4264.556884765625 991.4350509643555 1569.551944732666 2184.577941894531 1806.702852249146 1976.209878921509 1070.060968399048 1230.370998382568 4517.979860305786 2916.798114776611 789.9160385131836 1138.241052627563 3616.134166717529 2479.934930801392 9334.656000137329 3177.222967147827 1350.844144821167 6537.661075592041 897.6099491119385 1218.634843826294 4488.961935043335


# name: response_suj
# type: matrix
# rows: 1
# columns: 32
 0 0 1 1 1 1 0 1 1 0 1 0 1 0 0 0 0 0 1 0 0 0 1 1 1 0 0 1 0 1 1 1


# name: response_suj_rt
# type: matrix
# rows: 1
# columns: 32
 1207.835912704468 783.2069396972656 627.5830268859863 426.2740612030029 547.1351146697998 501.0428428649902 940.6430721282959 461.2839221954346 495.5251216888428 2319.545984268188 692.1999454498291 1041.233062744141 357.2161197662354 1026.3991355896 997.8339672088623 1040.688037872314 586.7838859558105 532.027006149292 2345.860004425049 1513.885021209717 994.7161674499512 638.9749050140381 569.5080757141113 977.1039485931396 1756.818056106567 635.6089115142822 456.6740989685059 398.3871936798096 856.7779064178467 363.2168769836426 1559.278964996338 940.8929347991943




# name: <cell-element>
# type: scalar struct
# ndims: 2
 1 1
# length: 33
# name: priorAlphaRange
# type: range
# base, limit, increment
0 2.5 0.1


# name: prior
# type: matrix
# rows: 1
# columns: 26
 0.03846153846153846 0.03846153846153846 0.03846153846153846 0.03846153846153846 0.03846153846153846 0.03846153846153846 0.03846153846153846 0.03846153846153846 0.03846153846153846 0.03846153846153846 0.03846153846153846 0.03846153846153846 0.03846153846153846 0.03846153846153846 0.03846153846153846 0.03846153846153846 0.03846153846153846 0.03846153846153846 0.03846153846153846 0.03846153846153846 0.03846153846153846 0.03846153846153846 0.03846153846153846 0.03846153846153846 0.03846153846153846 0.03846153846153846


# name: pdf
# type: matrix
# rows: 1
# columns: 26
 5.384817621267901e-08 2.223646086364513e-07 9.436049131711011e-07 4.041947787780087e-06 1.701910485054152e-05 6.832051052469507e-05 0.000253857254741698 0.0008517333665848916 0.002534302959547095 0.006612531882362393 0.01504664976710528 0.02982306585292507 0.05157875819204105 0.07812866928782752 0.1041720146914373 0.1229922010656981 0.1294484076173943 0.1223467003801939 0.1046622578790497 0.0817181769587938 0.05874355808898226 0.03922784833185751 0.02455490788988826 0.01453739560285035 0.00821215993308518 0.004464201616772963


# name: mode
# type: scalar
1.6


# name: mean
# type: scalar
1.627368100525379


# name: sd
# type: scalar
0.3090829698137638


# name: modeUniformPrior
# type: scalar
1.6


# name: meanUniformPrior
# type: scalar
1.627368100525379


# name: sdUniformPrior
# type: scalar
0.3090829698137638


# name: response
# type: matrix
# rows: 1
# columns: 32
 0 1 1 1 1 1 1 1 1 1 1 0 1 0 0 0 1 0 0 1 0 1 1 0 1 0 1 0 0 0 0 0


# name: stopCriterion
# type: sq_string
# elements: 1
# length: 6
trials


# name: stopRule
# type: scalar
32


# name: stop
# type: scalar
1


