# Created by Octave 3.6.4, Wed Mar 05 18:07:22 2014 CET <exp@Einzelzelle>
# name: PMs
# type: cell
# rows: 6
# columns: 6
# name: <cell-element>
# type: scalar struct
# ndims: 2
 1 1
# length: 33
# name: priorAlphaRange
# type: range
# base, limit, increment
0 2.5 0.1


# name: prior
# type: matrix
# rows: 1
# columns: 26
 0.03846153846153846 0.03846153846153846 0.03846153846153846 0.03846153846153846 0.03846153846153846 0.03846153846153846 0.03846153846153846 0.03846153846153846 0.03846153846153846 0.03846153846153846 0.03846153846153846 0.03846153846153846 0.03846153846153846 0.03846153846153846 0.03846153846153846 0.03846153846153846 0.03846153846153846 0.03846153846153846 0.03846153846153846 0.03846153846153846 0.03846153846153846 0.03846153846153846 0.03846153846153846 0.03846153846153846 0.03846153846153846 0.03846153846153846


# name: pdf
# type: matrix
# rows: 1
# columns: 26
 0.0002225719401358358 0.0003850253737719868 0.0007256566527070927 0.001459067605187779 0.003044607451496558 0.006389933367444416 0.01306587153604383 0.02526514823290231 0.04501798151284005 0.07238275285693509 0.1034077065789654 0.1299397874346388 0.1428427480546355 0.137168963372326 0.1152520238200552 0.08507997623129857 0.05551929885743865 0.03227315404913485 0.01686214988006902 0.007997895648019882 0.003480586624717973 0.001405268864851723 0.000532356530210658 0.0001913740803200302 6.601073611161479e-05 2.208270774104507e-05


# name: mode
# type: scalar
1.2


# name: mean
# type: scalar
1.217743700505285


# name: sd
# type: scalar
0.2871820326782986


# name: modeUniformPrior
# type: scalar
1.2


# name: meanUniformPrior
# type: scalar
1.217743700505285


# name: sdUniformPrior
# type: scalar
0.2871820326782986


# name: response
# type: matrix
# rows: 1
# columns: 32
 1 1 1 1 1 1 1 1 1 0 1 1 1 1 1 1 0 0 1 1 1 1 0 1 1 0 1 1 0 0 1 1


# name: stopCriterion
# type: sq_string
# elements: 1
# length: 6
trials


# name: stopRule
# type: scalar
32


# name: stop
# type: scalar
1


# name: PF
# type: function handle
# octaveroot: /usr
# path: /home/exp/sc/palamedes1_5_0/Palamedes/PAL_Gumbel.m
PAL_Gumbel


# name: beta
# type: scalar
0.5


# name: gamma
# type: scalar
0.1666666666666667


# name: lambda
# type: scalar
0.05


# name: xMin
# type: scalar
0


# name: xMax
# type: scalar
2.5


# name: direction
# type: scalar
-1


# name: reversal
# type: matrix
# rows: 1
# columns: 32
 0 0 0 0 0 0 0 0 0 1 2 0 0 0 0 0 3 0 4 0 0 0 5 6 0 7 8 0 9 0 10 0


# name: meanmode
# type: sq_string
# elements: 1
# length: 4
mean


# name: xCurrent
# type: scalar
1.217743700505285


# name: x
# type: matrix
# rows: 1
# columns: 32
 2.5 1.409676956437426 1.773117970958284 1.046235941916569 1.409676956437426 2.5 2.5 1.046235941916569 1.046235941916569 1.409676956437426 1.773117970958284 1.773117970958284 2.5 1.773117970958284 1.409676956437426 1.773117970958284 1.409676956437426 1.046235941916569 1.409676956437426 1.773117970958284 2.5 1.046235941916569 1.773117970958284 1.409676956437426 2.5 1.409676956437426 2.5 2.5 1.046235941916569 1.046235941916569 1.046235941916569 1.773117970958284


# name: xStaircase
# type: matrix
# rows: 1
# columns: 33
 2.5 1.186099546478885 0.9907084930852179 0.8776983482969309 0.7201618358084849 0.6309954799969176 0.6202501921004251 0.6108951553804531 0.52849982114242 0.4650967448728827 0.7264962959679692 0.6868246801355414 0.6536012136352249 0.6486980242280481 0.6215351853601752 0.579177320997219 0.5596817455912716 0.7897498871419615 0.983229175911387 0.9305599692399313 0.9010914327233135 0.8965829741878243 0.8360186936094097 1.020118654534691 0.9718130672012388 0.9669259469605823 1.130827360964617 1.124524668507456 1.118529703611816 1.213290607983023 1.288494680664796 1.243501133605087 1.217743700505285


# name: stimulus
# type: sq_string
# elements: 1
# length: 4
shoe


# name: thc_type
# type: matrix
# rows: 1
# columns: 32
 2 0.5 1 0 0.5 2 2 0 0 0.5 1 1 2 1 0.5 1 0.5 0 0.5 1 2 0 1 0.5 2 0.5 2 2 0 0 0 1


# name: run
# type: matrix
# rows: 1
# columns: 32
 2 2 2 2 2 2 2 2 2 2 2 2 2 2 2 2 2 2 2 2 2 2 2 2 2 2 2 2 2 2 2 2


# name: noise_variance
# type: matrix
# rows: 1
# columns: 32
 0 1.090323043562574 0.7268820290417157 1.453764058083431 1.090323043562574 0 0 1.453764058083431 1.453764058083431 1.090323043562574 0.7268820290417157 0.7268820290417157 0 0.7268820290417157 1.090323043562574 0.7268820290417157 1.090323043562574 1.453764058083431 1.090323043562574 0.7268820290417157 0 1.453764058083431 0.7268820290417157 1.090323043562574 0 1.090323043562574 0 0 1.453764058083431 1.453764058083431 1.453764058083431 0.7268820290417157


# name: response_obj
# type: matrix
# rows: 1
# columns: 32
 1 1 1 1 1 1 1 1 1 0 1 1 1 1 1 1 0 0 1 1 1 1 0 1 1 0 1 1 0 0 1 1


# name: response_obj_rt
# type: matrix
# rows: 1
# columns: 32
 1055.431127548218 2387.966156005859 1006.517887115479 863.563060760498 685.0969791412354 323.0781555175781 650.4209041595459 381.0579776763916 1845.418930053711 4262.549161911011 739.9578094482422 421.4470386505127 340.385913848877 2152.217864990234 353.9719581604004 340.7630920410156 374.7320175170898 1256.479978561401 2288.933038711548 697.7260112762451 765.7809257507324 116.1739826202393 770.7438468933105 2556.896924972534 898.1831073760986 2902.846097946167 1274.435043334961 1093.456983566284 559.1099262237549 677.2360801696777 369.1389560699463 1191.975116729736


# name: response_suj
# type: matrix
# rows: 1
# columns: 32
 1 0 1 1 1 1 1 1 1 0 1 1 1 1 1 1 0 0 1 1 1 0 0 0 1 0 1 1 0 0 0 1


# name: response_suj_rt
# type: matrix
# rows: 1
# columns: 32
 1253.086090087891 676.6331195831299 1084.129095077515 990.1418685913086 863.6817932128906 513.1111145019531 1273.394107818604 3181.968927383423 552.6988506317139 1100.051879882812 352.053165435791 604.4111251831055 1075.130939483643 1018.330812454224 311.5448951721191 317.3239231109619 708.4860801696777 714.0908241271973 423.0821132659912 783.3378314971924 1351.677179336548 334.6748352050781 587.7549648284912 967.2791957855225 420.6819534301758 547.537088394165 529.6599864959717 504.3590068817139 650.0279903411865 1013.782024383545 911.8900299072266 455.906867980957




# name: <cell-element>
# type: scalar struct
# ndims: 2
 1 1
# length: 33
# name: priorAlphaRange
# type: range
# base, limit, increment
0 2.5 0.1


# name: prior
# type: matrix
# rows: 1
# columns: 26
 0.03846153846153846 0.03846153846153846 0.03846153846153846 0.03846153846153846 0.03846153846153846 0.03846153846153846 0.03846153846153846 0.03846153846153846 0.03846153846153846 0.03846153846153846 0.03846153846153846 0.03846153846153846 0.03846153846153846 0.03846153846153846 0.03846153846153846 0.03846153846153846 0.03846153846153846 0.03846153846153846 0.03846153846153846 0.03846153846153846 0.03846153846153846 0.03846153846153846 0.03846153846153846 0.03846153846153846 0.03846153846153846 0.03846153846153846


# name: pdf
# type: matrix
# rows: 1
# columns: 26
 0.01769508316734993 0.02418154993222783 0.03376719848620859 0.0471864608714743 0.06451459662880817 0.08443183508248475 0.1036926490135889 0.1175149732964973 0.1213105622908726 0.1130593840803617 0.09465692999225235 0.07107265192624836 0.04790055417859768 0.02905972584658762 0.01593760548987383 0.00794546148597813 0.003624111956579791 0.001523608958147274 0.0005952014624079797 0.0002179544070790216 7.550274032788115e-05 2.497771845202187e-05 7.966496349165631e-06 2.472840752288599e-06 7.539080208085924e-07 2.277424716963385e-07


# name: mode
# type: scalar
0.8


# name: mean
# type: scalar
0.7470564926218896


# name: sd
# type: scalar
0.3286762670953908


# name: modeUniformPrior
# type: scalar
0.8


# name: meanUniformPrior
# type: scalar
0.7470564926218896


# name: sdUniformPrior
# type: scalar
0.3286762670953908


# name: response
# type: matrix
# rows: 1
# columns: 32
 1 1 1 1 1 1 1 1 1 1 1 1 1 1 1 1 1 0 1 1 1 1 1 0 1 1 1 1 1 0 0 0


# name: stopCriterion
# type: sq_string
# elements: 1
# length: 6
trials


# name: stopRule
# type: scalar
32


