# Created by Octave 3.6.4, Sun Mar 09 20:53:19 2014 CET <exp@Einzelzelle>
# name: PMs
# type: cell
# rows: 6
# columns: 6
# name: <cell-element>
# type: scalar struct
# ndims: 2
 1 1
# length: 33
# name: priorAlphaRange
# type: range
# base, limit, increment
0 2.5 0.1


# name: prior
# type: matrix
# rows: 1
# columns: 26
 0.03846153846153846 0.03846153846153846 0.03846153846153846 0.03846153846153846 0.03846153846153846 0.03846153846153846 0.03846153846153846 0.03846153846153846 0.03846153846153846 0.03846153846153846 0.03846153846153846 0.03846153846153846 0.03846153846153846 0.03846153846153846 0.03846153846153846 0.03846153846153846 0.03846153846153846 0.03846153846153846 0.03846153846153846 0.03846153846153846 0.03846153846153846 0.03846153846153846 0.03846153846153846 0.03846153846153846 0.03846153846153846 0.03846153846153846


# name: pdf
# type: matrix
# rows: 1
# columns: 26
 2.125890370175275e-15 5.920457699387264e-15 2.161849329863545e-14 1.027224417966654e-13 6.209495875930361e-13 4.611657593263072e-12 4.021429902183713e-11 3.899150514014932e-10 3.95431692220477e-09 3.938506846030057e-08 3.63355782409282e-07 2.957405919916644e-06 2.047959633428107e-05 0.0001178208720887826 0.0005558377123185277 0.002140566507183316 0.00674141524050091 0.01747348192298691 0.03763157110705426 0.0681283789726979 0.1050376734379679 0.1398194704526822 0.1629648165178821 0.1686596373289725 0.1571404230875481 0.1335650627072003


# name: mode
# type: scalar
2.3


# name: mean
# type: scalar
2.203028021514671


# name: sd
# type: scalar
0.2146070650004974


# name: modeUniformPrior
# type: scalar
2.3


# name: meanUniformPrior
# type: scalar
2.203028021514671


# name: sdUniformPrior
# type: scalar
0.2146070650004974


# name: response
# type: matrix
# rows: 1
# columns: 32
 0 0 0 0 0 1 1 1 0 1 1 0 1 1 1 0 0 1 0 0 0 1 0 1 1 1 1 0 1 0 0 0


# name: stopCriterion
# type: sq_string
# elements: 1
# length: 6
trials


# name: stopRule
# type: scalar
32


# name: stop
# type: scalar
1


# name: PF
# type: function handle
# octaveroot: /usr
# path: /home/exp/sc/palamedes1_5_0/Palamedes/PAL_Gumbel.m
PAL_Gumbel


# name: beta
# type: scalar
0.5


# name: gamma
# type: scalar
0.1666666666666667


# name: lambda
# type: scalar
0.05


# name: xMin
# type: scalar
0


# name: xMax
# type: scalar
2.5


# name: direction
# type: scalar
1


# name: reversal
# type: matrix
# rows: 1
# columns: 32
 0 0 0 0 0 1 0 0 2 3 0 4 5 0 0 6 0 7 8 0 0 9 10 11 0 0 0 12 13 14 0 0


# name: meanmode
# type: sq_string
# elements: 1
# length: 4
mean


# name: xCurrent
# type: scalar
2.203028021514671


# name: x
# type: matrix
# rows: 1
# columns: 32
 1.84829721224973 1.84829721224973 1.19659442449946 1.84829721224973 1.522445818374595 2.5 2.5 2.5 1.19659442449946 1.84829721224973 1.19659442449946 1.522445818374595 2.5 1.84829721224973 1.522445818374595 1.522445818374595 1.522445818374595 2.5 1.19659442449946 1.19659442449946 1.84829721224973 1.522445818374595 1.84829721224973 2.5 1.522445818374595 1.84829721224973 2.5 1.19659442449946 2.5 1.19659442449946 1.19659442449946 1.522445818374595


# name: xStaircase
# type: matrix
# rows: 1
# columns: 33
 1.84829721224973 1.796952027974529 2.066468299478892 2.141104494267722 2.220413632669595 2.258127994414158 2.235812737093509 2.211980353614879 2.186735575787752 2.214736424519573 2.17799250901153 2.134685768554814 2.179831158815909 2.154563451994433 2.113803045000217 2.066545522347941 2.116928280778945 2.158635321953743 2.134544167221855 2.161161487545272 2.184914372189654 2.22588190333295 2.196253488652072 2.234094224985024 2.215620449083195 2.186523520079646 2.156643802352258 2.135771591367583 2.157629648740839 2.137414279486587 2.158347135111355 2.177718266982168 2.203028021514671


# name: stimulus
# type: sq_string
# elements: 1
# length: 4
kiwi


# name: thc_type
# type: matrix
# rows: 1
# columns: 32
 1 1 0 1 0.5 2 2 2 0 1 0 0.5 2 1 0.5 0.5 0.5 2 0 0 1 0.5 1 2 0.5 1 2 0 2 0 0 0.5


# name: run
# type: matrix
# rows: 1
# columns: 32
 2 2 2 2 2 2 2 2 2 2 2 2 2 2 2 2 2 2 2 2 2 2 2 2 2 2 2 2 2 2 2 2


# name: noise_variance
# type: matrix
# rows: 1
# columns: 32
 0.6517027877502699 0.6517027877502699 1.30340557550054 0.6517027877502699 0.9775541816254049 0 0 0 1.30340557550054 0.6517027877502699 1.30340557550054 0.9775541816254049 0 0.6517027877502699 0.9775541816254049 0.9775541816254049 0.9775541816254049 0 1.30340557550054 1.30340557550054 0.6517027877502699 0.9775541816254049 0.6517027877502699 0 0.9775541816254049 0.6517027877502699 0 1.30340557550054 0 1.30340557550054 1.30340557550054 0.9775541816254049


# name: response_obj
# type: matrix
# rows: 1
# columns: 32
 0 0 0 0 0 1 1 1 0 1 1 0 1 1 1 0 0 1 0 0 0 1 0 1 1 1 1 0 1 0 0 0


# name: response_obj_rt
# type: matrix
# rows: 1
# columns: 32
 423.0718612670898 421.2720394134521 490.0200366973877 300.0600337982178 547.7628707885742 329.9448490142822 208.0881595611572 283.095121383667 242.6111698150635 156.5799713134766 0.7870197296142578 116.0280704498291 75.94108581542969 173.6421585083008 87.49103546142578 1190.732002258301 737.38694190979 6.657123565673828 237.4179363250732 271.7080116271973 242.5267696380615 829.4510841369629 374.7420310974121 35.51602363586426 47.03092575073242 41.24784469604492 29.76799011230469 1001.11198425293 75.76894760131836 340.2550220489502 196.4249610900879 357.9919338226318


# name: response_suj
# type: matrix
# rows: 1
# columns: 32
 0 0 0 0 0 1 1 1 0 1 1 1 1 1 1 0 0 1 0 0 0 0 0 1 1 1 1 0 1 0 0 0


# name: response_suj_rt
# type: matrix
# rows: 1
# columns: 32
 415.0049686431885 414.8449897766113 328.6240100860596 363.6648654937744 242.9430484771729 340.5680656433105 236.2380027770996 323.4920501708984 253.3829212188721 305.3340911865234 253.9401054382324 219.7070121765137 236.7031574249268 293.5020923614502 306.19215965271 253.3280849456787 218.4090614318848 351.9039154052734 265.5649185180664 335.2451324462891 283.0369472503662 241.9750690460205 190.8149719238281 277.277946472168 271.2948322296143 216.7761325836182 241.8239116668701 0.8342266082763672 219.7279930114746 196.6078281402588 0.8230209350585938 202.308177947998




# name: <cell-element>
# type: scalar struct
# ndims: 2
 1 1
# length: 33
# name: priorAlphaRange
# type: range
# base, limit, increment
0 2.5 0.1


# name: prior
# type: matrix
# rows: 1
# columns: 26
 0.03846153846153846 0.03846153846153846 0.03846153846153846 0.03846153846153846 0.03846153846153846 0.03846153846153846 0.03846153846153846 0.03846153846153846 0.03846153846153846 0.03846153846153846 0.03846153846153846 0.03846153846153846 0.03846153846153846 0.03846153846153846 0.03846153846153846 0.03846153846153846 0.03846153846153846 0.03846153846153846 0.03846153846153846 0.03846153846153846 0.03846153846153846 0.03846153846153846 0.03846153846153846 0.03846153846153846 0.03846153846153846 0.03846153846153846


# name: pdf
# type: matrix
# rows: 1
# columns: 26
 1.407426684876405e-15 9.431516316330281e-15 7.682043065375405e-14 7.284169928962186e-13 7.671718926125609e-12 8.544669763775726e-11 9.570092999185965e-10 1.025280346521402e-08 1.003075182482467e-07 8.618097354720013e-07 6.313551087295037e-06 3.867517632898318e-05 0.0001959748903778789 0.0008182871221160031 0.002819123469273003 0.008053692591234533 0.01922425889847025 0.03870548027250696 0.06643674787898637 0.09834896003965109 0.1270848019459717 0.1451190951882223 0.1482579961235017 0.1371704003904324 0.1163061132550393 0.09141310578579931


# name: mode
# type: scalar
2.2


# name: mean
# type: scalar
2.128629928179887


# name: sd
# type: scalar
0.2417381154259738


# name: modeUniformPrior
# type: scalar
2.2


# name: meanUniformPrior
# type: scalar
2.128629928179887


# name: sdUniformPrior
# type: scalar
0.2417381154259737


# name: response
# type: matrix
# rows: 1
# columns: 32
 0 1 0 0 1 1 0 0 1 0 0 0 0 1 1 0 1 0 1 0 0 0 0 0 1 1 1 0 1 1 1 0


# name: stopCriterion
# type: sq_string
# elements: 1
# length: 6
trials


# name: stopRule
# type: scalar
32


