# Created by Octave 3.6.4, Sun Mar 09 20:13:17 2014 CET <exp@Einzelzelle>
# name: PMs
# type: cell
# rows: 6
# columns: 6
# name: <cell-element>
# type: scalar struct
# ndims: 2
 1 1
# length: 33
# name: priorAlphaRange
# type: range
# base, limit, increment
0 2.5 0.1


# name: prior
# type: matrix
# rows: 1
# columns: 26
 0.03846153846153846 0.03846153846153846 0.03846153846153846 0.03846153846153846 0.03846153846153846 0.03846153846153846 0.03846153846153846 0.03846153846153846 0.03846153846153846 0.03846153846153846 0.03846153846153846 0.03846153846153846 0.03846153846153846 0.03846153846153846 0.03846153846153846 0.03846153846153846 0.03846153846153846 0.03846153846153846 0.03846153846153846 0.03846153846153846 0.03846153846153846 0.03846153846153846 0.03846153846153846 0.03846153846153846 0.03846153846153846 0.03846153846153846


# name: pdf
# type: matrix
# rows: 1
# columns: 26
 6.700957522390642e-08 1.296727816081607e-07 2.681661685175358e-07 5.917525991326762e-07 1.394463863078516e-06 3.517368164919653e-06 9.503195691584523e-06 2.736520163320649e-05 8.283357429725375e-05 0.0002574046348423264 0.0007953690472562451 0.0023565303037303 0.006457793366388483 0.01586086562438535 0.03407307427669871 0.06297621903413668 0.09923907430741287 0.1329620025141785 0.151806887625746 0.1485993235722107 0.1258237487553011 0.09316233551426313 0.06105528458134948 0.03587706369561352 0.01915491410075432 0.009416438640957822


# name: mode
# type: scalar
1.8


# name: mean
# type: scalar
1.84829721224973


# name: sd
# type: scalar
0.2598860826015832


# name: modeUniformPrior
# type: scalar
1.8


# name: meanUniformPrior
# type: scalar
1.84829721224973


# name: sdUniformPrior
# type: scalar
0.2598860826015832


# name: response
# type: matrix
# rows: 1
# columns: 32
 0 0 0 0 0 1 0 1 1 1 1 0 1 1 1 1 1 1 1 1 1 1 1 0 1 0 1 1 1 0 0 1


# name: stopCriterion
# type: sq_string
# elements: 1
# length: 6
trials


# name: stopRule
# type: scalar
32


# name: stop
# type: scalar
1


# name: PF
# type: function handle
# octaveroot: /usr
# path: /home/exp/sc/palamedes1_5_0/Palamedes/PAL_Gumbel.m
PAL_Gumbel


# name: beta
# type: scalar
0.5


# name: gamma
# type: scalar
0.1666666666666667


# name: lambda
# type: scalar
0.05


# name: xMin
# type: scalar
0


# name: xMax
# type: scalar
2.5


# name: direction
# type: scalar
-1


# name: reversal
# type: matrix
# rows: 1
# columns: 32
 0 0 0 0 0 1 2 3 0 0 0 4 5 0 0 0 0 0 0 0 0 0 0 6 7 8 9 0 0 10 0 11


# name: meanmode
# type: sq_string
# elements: 1
# length: 4
mean


# name: xCurrent
# type: scalar
1.84829721224973


# name: x
# type: matrix
# rows: 1
# columns: 32
 1.77635683940025e-15 0.3180148431876328 1.585112484197682 1.910265112183548 2.101816260503275 2.213719433278541 1.855425675950221 1.980041627882574 2.205630927649988 2.171789528509792 2.134286689038187 2.093071921692077 2.5 1.80956311272618 2.113246013503415 2.5 2.046222857597679 2.003922354495287 1.959744795513089 2.5 2.5 2.5 1.836105330684422 1.082107663709289 2.5 1.128462622831663 1.855872455312229 2.5 1.797101380547844 1.759563364199637 1.163878352207468 2.5


# name: xStaircase
# type: matrix
# rows: 1
# columns: 33
 1.77635683940025e-15 1.409007421593816 1.585112484197682 1.910265112183548 2.101816260503275 2.213719433278541 2.17771283797511 2.240020813941287 2.205630927649988 2.171789528509792 2.134286689038187 2.093071921692077 2.180068081968891 2.15478155636309 2.113246013503415 2.074517538906986 2.046222857597679 2.003922354495287 1.959744795513089 1.914093954089878 1.887014363869322 1.860995323381547 1.836105330684422 1.791053831854645 1.836516226697699 1.814231311415831 1.855872455312229 1.817096076561648 1.797101380547844 1.759563364199637 1.831939176103734 1.866893117995116 1.84829721224973


# name: stimulus
# type: sq_string
# elements: 1
# length: 4
kiwi


# name: thc_type
# type: matrix
# rows: 1
# columns: 32
 0 0 0.5 0.5 0.5 0.5 0 0 1 1 1 0.5 2 0 1 2 0.5 1 0.5 2 2 2 1 0 2 0 0.5 2 1 1 0 2


# name: run
# type: matrix
# rows: 1
# columns: 32
 1 1 1 1 1 1 1 1 1 1 1 1 1 1 1 1 1 1 1 1 1 1 1 1 1 1 1 1 1 1 1 1


# name: noise_variance
# type: matrix
# rows: 1
# columns: 32
 2.499999999999998 2.181985156812367 0.9148875158023184 0.5897348878164517 0.3981837394967251 0.2862805667214587 0.6445743240497794 0.5199583721174257 0.2943690723500123 0.3282104714902077 0.3657133109618131 0.4069280783079234 0 0.6904368872738198 0.3867539864965854 0 0.4537771424023207 0.4960776455047133 0.5402552044869109 0 0 0 0.6638946693155776 1.417892336290711 0 1.371537377168337 0.644127544687771 0 0.7028986194521565 0.7404366358003633 1.336121647792532 0


# name: response_obj
# type: matrix
# rows: 1
# columns: 32
 0 0 0 0 0 1 0 1 1 1 1 0 1 1 1 1 1 1 1 1 1 1 1 0 1 0 1 1 1 0 0 1


# name: response_obj_rt
# type: matrix
# rows: 1
# columns: 32
 1431.049108505249 2869.510173797607 2580.580949783325 4547.131061553955 5394.032001495361 1773.231983184814 7195.734024047852 966.3541316986084 2887.296915054321 599.1218090057373 2667.669057846069 10223.75893592834 282.7260494232178 575.4220485687256 1159.586191177368 1892.441034317017 276.9229412078857 536.0288619995117 282.5980186462402 650.3641605377197 87.28313446044922 185.3501796722412 1185.608148574829 311.3069534301758 431.8840503692627 667.7720546722412 224.9619960784912 47.00517654418945 312.0770454406738 156.3799381256104 207.7019214630127 0.8320808410644531


# name: response_suj
# type: matrix
# rows: 1
# columns: 32
 0 0 0 1 1 1 1 1 1 1 1 0 1 0 1 1 1 1 1 1 1 1 1 0 1 0 1 1 0 0 1 1


# name: response_suj_rt
# type: matrix
# rows: 1
# columns: 32
 615.3090000152588 3327.381134033203 857.6619625091553 472.6409912109375 829.2090892791748 448.8620758056641 377.5129318237305 282.426118850708 339.8370742797852 633.6519718170166 334.165096282959 242.6800727844238 259.0339183807373 340.0390148162842 328.9098739624023 1320.648908615112 1783.945083618164 489.5570278167725 317.34299659729 679.2011260986328 443.7589645385742 253.7391185760498 219.4161415100098 219.304084777832 1193.907976150513 242.2530651092529 225.4359722137451 311.5699291229248 196.753978729248 219.365119934082 219.5849418640137 572.5889205932617




# name: <cell-element>
# type: scalar struct
# ndims: 2
 1 1
# length: 33
# name: priorAlphaRange
# type: range
# base, limit, increment
0 2.5 0.1


# name: prior
# type: matrix
# rows: 1
# columns: 26
 0.03846153846153846 0.03846153846153846 0.03846153846153846 0.03846153846153846 0.03846153846153846 0.03846153846153846 0.03846153846153846 0.03846153846153846 0.03846153846153846 0.03846153846153846 0.03846153846153846 0.03846153846153846 0.03846153846153846 0.03846153846153846 0.03846153846153846 0.03846153846153846 0.03846153846153846 0.03846153846153846 0.03846153846153846 0.03846153846153846 0.03846153846153846 0.03846153846153846 0.03846153846153846 0.03846153846153846 0.03846153846153846 0.03846153846153846


# name: pdf
# type: matrix
# rows: 1
# columns: 26
 8.080599246370416e-07 1.216301954980343e-06 2.081031104466081e-06 4.064449285227236e-06 9.020602657196274e-06 2.244053158817555e-05 6.11753385109276e-05 0.0001772961151766455 0.0005269917394765891 0.001545390421225446 0.004301750631052504 0.010973106811098 0.02490929956004767 0.04922411969622181 0.0834562923927107 0.120458324213683 0.1477175705667878 0.1542988695142803 0.1381312076156789 0.1069158104594675 0.07232258166020455 0.04327361364740471 0.02319982472228486 0.01129377529942046 0.005059559476776773 0.002113809141976115


# name: mode
# type: scalar
1.7


# name: mean
# type: scalar
1.690165741622403


# name: sd
# type: scalar
0.261519795175835


# name: modeUniformPrior
# type: scalar
1.7


# name: meanUniformPrior
# type: scalar
1.690165741622403


# name: sdUniformPrior
# type: scalar
0.261519795175835


# name: response
# type: matrix
# rows: 1
# columns: 32
 0 0 1 0 1 1 0 1 0 1 1 1 1 0 1 1 0 1 1 1 1 1 1 0 0 1 1 1 1 1 1 1


# name: stopCriterion
# type: sq_string
# elements: 1
# length: 6
trials


# name: stopRule
# type: scalar
32


