# Created by Octave 3.6.4, Sun Mar 23 12:59:00 2014 CET <exp@Einzelzelle>
# name: PMs
# type: cell
# rows: 6
# columns: 6
# name: <cell-element>
# type: scalar struct
# ndims: 2
 1 1
# length: 33
# name: priorAlphaRange
# type: range
# base, limit, increment
0 2.5 0.1


# name: prior
# type: matrix
# rows: 1
# columns: 26
 0.03846153846153846 0.03846153846153846 0.03846153846153846 0.03846153846153846 0.03846153846153846 0.03846153846153846 0.03846153846153846 0.03846153846153846 0.03846153846153846 0.03846153846153846 0.03846153846153846 0.03846153846153846 0.03846153846153846 0.03846153846153846 0.03846153846153846 0.03846153846153846 0.03846153846153846 0.03846153846153846 0.03846153846153846 0.03846153846153846 0.03846153846153846 0.03846153846153846 0.03846153846153846 0.03846153846153846 0.03846153846153846 0.03846153846153846


# name: pdf
# type: matrix
# rows: 1
# columns: 26
 7.383992300237466e-09 1.043029665030608e-08 1.606078488318289e-08 2.74759732020812e-08 5.330918185751838e-08 1.19452636337124e-07 3.123903061615661e-07 9.514199411110365e-07 3.313686244289409e-06 1.274896733187394e-05 5.166274378905328e-05 0.0002088851400632736 0.000799026435483664 0.00276100067785365 0.008314632906170984 0.02128805605262764 0.0456677199128973 0.08158396943930682 0.1214344993849126 0.1514243552381541 0.1596228099657591 0.143894862564169 0.112397418733752 0.07715347381423837 0.04722474848225733 0.02615531793187647


# name: mode
# type: scalar
2


# name: mean
# type: scalar
1.991346518388114


# name: sd
# type: scalar
0.2415429802548586


# name: modeUniformPrior
# type: scalar
2


# name: meanUniformPrior
# type: scalar
1.991346518388113


# name: sdUniformPrior
# type: scalar
0.2415429802548586


# name: response
# type: matrix
# rows: 1
# columns: 32
 0 0 0 1 1 0 0 1 0 0 1 1 1 1 1 1 1 1 0 1 1 0 0 1 1 0 1 1 1 1 1 1


# name: stopCriterion
# type: sq_string
# elements: 1
# length: 6
trials


# name: stopRule
# type: scalar
32


# name: stop
# type: scalar
1


# name: PF
# type: function handle
# octaveroot: /usr
# path: /home/exp/sc/palamedes1_5_0/Palamedes/PAL_Gumbel.m
PAL_Gumbel


# name: beta
# type: scalar
0.5


# name: gamma
# type: scalar
0.1666666666666667


# name: lambda
# type: scalar
0.05


# name: xMin
# type: scalar
0


# name: xMax
# type: scalar
2.5


# name: direction
# type: scalar
-1


# name: reversal
# type: matrix
# rows: 1
# columns: 32
 0 0 0 1 0 2 0 3 4 0 5 0 0 0 0 0 0 0 6 7 0 8 0 9 0 10 11 0 0 0 0 0


# name: meanmode
# type: sq_string
# elements: 1
# length: 4
mean


# name: xCurrent
# type: scalar
1.991346518388114


# name: x
# type: matrix
# rows: 1
# columns: 32
 1.250000000000001 0.8801955800501724 1.863913279550938 2.072139734887603 2.5 1.963810612141632 2.110501210240526 2.5 1.861440333452641 1.971667284210053 2.059937365862931 2.255287189217503 2.5 1.919132239532482 2.5 2.152988443815036 2.120316924032394 2.085588605113721 1.598036117904178 2.5 2.5 1.600909898008894 2.095515065706967 2.5 2.13653072340237 1.71763731919408 2.147821301851063 2.121802666755513 2.094926050972514 2.5 2.047633792411256 2.019578363454618


# name: xStaircase
# type: matrix
# rows: 1
# columns: 33
 1.250000000000001 1.690097790025086 1.863913279550938 2.072139734887603 2.007865957813944 1.963810612141632 2.110501210240526 2.206756352089616 2.18072016672632 2.235833642105026 2.279968682931465 2.255287189217503 2.230898141577514 2.209566119766241 2.176758885852843 2.152988443815036 2.120316924032394 2.085588605113721 2.049018058952089 2.098622745710232 2.074500224100541 2.050454949004447 2.095515065706967 2.157067490498778 2.13653072340237 2.10881865959704 2.147821301851063 2.121802666755513 2.094926050972514 2.067364854312905 2.047633792411256 2.019578363454618 1.991346518388114


# name: stimulus
# type: sq_string
# elements: 1
# length: 7
chicken


# name: thc_type
# type: matrix
# rows: 1
# columns: 32
 0.5 0 1 0.5 2 0.5 1 2 0 0 0 1 2 0 2 0.5 1 1 0 2 2 0 0.5 2 1 0 0.5 0.5 0.5 2 1 1


# name: run
# type: matrix
# rows: 1
# columns: 32
 1 1 1 1 1 1 1 1 1 1 1 1 1 1 1 1 1 1 1 1 1 1 1 1 1 1 1 1 1 1 1 1


# name: noise_variance
# type: matrix
# rows: 1
# columns: 32
 1.249999999999999 1.619804419949828 0.6360867204490623 0.4278602651123973 0 0.5361893878583681 0.3894987897594744 0 0.6385596665473594 0.5283327157899471 0.4400626341370693 0.244712810782497 0 0.5808677604675179 0 0.3470115561849645 0.3796830759676064 0.4144113948862791 0.9019638820958216 0 0 0.8990901019911055 0.4044849342930328 0 0.36346927659763 0.7823626808059201 0.3521786981489372 0.3781973332444868 0.4050739490274857 0 0.452366207588744 0.4804216365453819


# name: response_obj
# type: matrix
# rows: 1
# columns: 32
 0 0 0 1 1 0 0 1 0 0 1 1 1 1 1 1 1 1 0 1 1 0 0 1 1 0 1 1 1 1 1 1


# name: response_obj_rt
# type: matrix
# rows: 1
# columns: 32
 1259.703874588013 1434.655904769897 1467.842102050781 1944.65184211731 1345.318078994751 1035.113096237183 1047.182083129883 523.9989757537842 1484.778165817261 822.3040103912354 998.4250068664551 656.5020084381104 404.2129516601562 681.6840171813965 206.2129974365234 403.3329486846924 133.4187984466553 662.9869937896729 4021.830797195435 766.3559913635254 265.5889987945557 1092.848777770996 782.1540832519531 305.9990406036377 365.3340339660645 995.7370758056641 496.7319965362549 426.1081218719482 409.4910621643066 305.9959411621094 989.6469116210938 529.2620658874512


# name: response_suj
# type: matrix
# rows: 1
# columns: 32
 0 0 0 0 1 0 0 1 0 0 0 1 1 1 1 1 1 1 0 1 1 0 0 1 1 0 1 1 1 1 1 1


# name: response_suj_rt
# type: matrix
# rows: 1
# columns: 32
 650.925874710083 1501.673936843872 748.3208179473877 277.2519588470459 426.6600608825684 409.1699123382568 451.5020847320557 121.9069957733154 420.647144317627 363.6648654937744 317.4071311950684 98.83499145507812 104.5730113983154 0.5500316619873047 105.1428318023682 0.8101463317871094 133.2240104675293 41.27287864685059 243.3638572692871 24.11913871765137 0.7729530334472656 277.0090103149414 242.6919937133789 121.9010353088379 0.7801055908203125 179.4250011444092 133.3158016204834 133.2790851593018 168.5969829559326 202.2299766540527 57.4338436126709 115.9958839416504




# name: <cell-element>
# type: scalar struct
# ndims: 2
 1 1
# length: 33
# name: priorAlphaRange
# type: range
# base, limit, increment
0 2.5 0.1


# name: prior
# type: matrix
# rows: 1
# columns: 26
 0.03846153846153846 0.03846153846153846 0.03846153846153846 0.03846153846153846 0.03846153846153846 0.03846153846153846 0.03846153846153846 0.03846153846153846 0.03846153846153846 0.03846153846153846 0.03846153846153846 0.03846153846153846 0.03846153846153846 0.03846153846153846 0.03846153846153846 0.03846153846153846 0.03846153846153846 0.03846153846153846 0.03846153846153846 0.03846153846153846 0.03846153846153846 0.03846153846153846 0.03846153846153846 0.03846153846153846 0.03846153846153846 0.03846153846153846


# name: pdf
# type: matrix
# rows: 1
# columns: 26
 4.678410471980458e-10 1.595324468791502e-09 6.039524049737416e-09 2.5107906674815e-08 1.128296667399201e-07 5.355486131441102e-07 2.602508298213973e-06 1.247558385119557e-05 5.674761182643434e-05 0.0002363537686229787 0.0008755795664669103 0.002825108807410945 0.007835082507177491 0.01855396285783583 0.03745979980045786 0.06463422568581588 0.0958088161641885 0.12291023801171 0.1376807045917615 0.1360190663070693 0.1197920805920865 0.09510617214163815 0.06884515470299615 0.04595607933456278 0.02860559634895627 0.01678347151839116


# name: mode
# type: scalar
1.8


# name: mean
# type: scalar
1.862749801191045


# name: sd
# type: scalar
0.2799003244796691


# name: modeUniformPrior
# type: scalar
1.8


# name: meanUniformPrior
# type: scalar
1.862749801191045


# name: sdUniformPrior
# type: scalar
0.2799003244796691


# name: response
# type: matrix
# rows: 1
# columns: 32
 1 0 1 1 1 0 1 0 1 0 1 0 0 1 1 0 0 0 1 1 1 1 1 1 1 1 0 0 0 0 1 0


# name: stopCriterion
# type: sq_string
# elements: 1
# length: 6
trials


# name: stopRule
# type: scalar
32


