# Created by Octave 3.6.4, Sun Mar 23 13:34:28 2014 CET <exp@Einzelzelle>
# name: PMs
# type: cell
# rows: 6
# columns: 6
# name: <cell-element>
# type: scalar struct
# ndims: 2
 1 1
# length: 33
# name: priorAlphaRange
# type: range
# base, limit, increment
0 2.5 0.1


# name: prior
# type: matrix
# rows: 1
# columns: 26
 0.03846153846153846 0.03846153846153846 0.03846153846153846 0.03846153846153846 0.03846153846153846 0.03846153846153846 0.03846153846153846 0.03846153846153846 0.03846153846153846 0.03846153846153846 0.03846153846153846 0.03846153846153846 0.03846153846153846 0.03846153846153846 0.03846153846153846 0.03846153846153846 0.03846153846153846 0.03846153846153846 0.03846153846153846 0.03846153846153846 0.03846153846153846 0.03846153846153846 0.03846153846153846 0.03846153846153846 0.03846153846153846 0.03846153846153846


# name: pdf
# type: matrix
# rows: 1
# columns: 26
 8.618397388126663e-12 1.155109461326565e-11 1.828100092691653e-11 3.566222573961748e-11 8.846987108605596e-11 2.826169920430326e-10 1.151374248039953e-09 5.794567327924547e-09 3.423898560569415e-08 2.227859314867439e-07 1.489133584369457e-06 9.565372093865615e-06 5.576652686579818e-05 0.0002823959062716112 0.001205197116339082 0.004258362086904086 0.01236071824167045 0.02947241465442973 0.05804027447863342 0.09528967834184607 0.1319949842245426 0.1563750412326365 0.1607592340311712 0.145561526916121 0.1178242417884586 0.0865088455323734


# name: mode
# type: scalar
2.2


# name: mean
# type: scalar
2.143813910431028


# name: sd
# type: scalar
0.2246734109708131


# name: modeUniformPrior
# type: scalar
2.2


# name: meanUniformPrior
# type: scalar
2.143813910431028


# name: sdUniformPrior
# type: scalar
0.2246734109708131


# name: response
# type: matrix
# rows: 1
# columns: 32
 0 1 0 1 0 1 1 1 1 1 1 1 0 1 1 1 1 1 1 1 0 0 1 0 0 1 0 0 0 0 0 0


# name: stopCriterion
# type: sq_string
# elements: 1
# length: 6
trials


# name: stopRule
# type: scalar
32


# name: stop
# type: scalar
1


# name: PF
# type: function handle
# octaveroot: /usr
# path: /home/exp/sc/palamedes1_5_0/Palamedes/PAL_Gumbel.m
PAL_Gumbel


# name: beta
# type: scalar
0.5


# name: gamma
# type: scalar
0.1666666666666667


# name: lambda
# type: scalar
0.05


# name: xMin
# type: scalar
0


# name: xMax
# type: scalar
2.5


# name: direction
# type: scalar
1


# name: reversal
# type: matrix
# rows: 1
# columns: 32
 0 1 2 3 4 5 0 0 0 0 0 0 6 7 0 0 0 0 0 0 8 0 9 10 0 11 12 0 0 0 0 0


# name: meanmode
# type: sq_string
# elements: 1
# length: 4
mean


# name: xCurrent
# type: scalar
2.143813910431028


# name: x
# type: matrix
# rows: 1
# columns: 32
 1.73701977758217 2.5 1.73701977758217 1.991346518388114 1.482693036776227 2.5 1.482693036776227 2.5 1.73701977758217 1.991346518388114 1.482693036776227 1.73701977758217 1.482693036776227 1.482693036776227 1.991346518388114 1.991346518388114 2.5 1.73701977758217 2.5 2.5 1.73701977758217 1.991346518388114 2.5 1.482693036776227 1.991346518388114 2.5 1.482693036776227 1.482693036776227 1.73701977758217 1.991346518388114 1.73701977758217 1.991346518388114


# name: xStaircase
# type: matrix
# rows: 1
# columns: 33
 1.73701977758217 1.784428221969853 1.720097107356485 1.997629121352449 1.918227233786628 2.047996991235799 2.009050844353802 1.927447116236379 1.886227407671157 1.80432142233966 1.734167455015837 1.639942315146271 1.558553232057516 1.718584390848443 1.640714336423513 1.586480368809551 1.5362091882105 1.51387773092724 1.458350902805537 1.440387029945694 1.423755821948861 1.568306531013056 1.703193746353977 1.682652048434235 1.75666905979068 1.855599371783145 1.834230213450416 1.887454959971163 1.935153609728206 1.990574398836448 2.052911389786172 2.0954961171138 2.143813910431028


# name: stimulus
# type: sq_string
# elements: 1
# length: 7
chicken


# name: thc_type
# type: matrix
# rows: 1
# columns: 32
 0.5 2 0.5 1 0 2 0 2 0.5 1 0 0.5 0 0 1 1 2 0.5 2 2 0.5 1 2 0 1 2 0 0 0.5 1 0.5 1


# name: run
# type: matrix
# rows: 1
# columns: 32
 2 2 2 2 2 2 2 2 2 2 2 2 2 2 2 2 2 2 2 2 2 2 2 2 2 2 2 2 2 2 2 2


# name: noise_variance
# type: matrix
# rows: 1
# columns: 32
 0.7629802224178296 0 0.7629802224178296 0.5086534816118864 1.017306963223773 0 1.017306963223773 0 0.7629802224178296 0.5086534816118864 1.017306963223773 0.7629802224178296 1.017306963223773 1.017306963223773 0.5086534816118864 0.5086534816118864 0 0.7629802224178296 0 0 0.7629802224178296 0.5086534816118864 0 1.017306963223773 0.5086534816118864 0 1.017306963223773 1.017306963223773 0.7629802224178296 0.5086534816118864 0.7629802224178296 0.5086534816118864


# name: response_obj
# type: matrix
# rows: 1
# columns: 32
 0 1 0 1 0 1 1 1 1 1 1 1 0 1 1 1 1 1 1 1 0 0 1 0 0 1 0 0 0 0 0 0


# name: response_obj_rt
# type: matrix
# rows: 1
# columns: 32
 305.823802947998 35.48097610473633 225.7909774780273 259.9959373474121 565.0179386138916 202.333927154541 570.2431201934814 0.8459091186523438 288.6848449707031 945.7519054412842 443.6841011047363 967.322826385498 979.0380001068115 219.7690010070801 960.6630802154541 277.2109508514404 208.59694480896 0.84686279296875 0.7841587066650391 282.8969955444336 0.8461475372314453 433.197021484375 265.8901214599609 121.9520568847656 622.7798461914062 225.430965423584 0.7882118225097656 610.6419563293457 443.687915802002 1499.740123748779 507.8930854797363 1486.438989639282


# name: response_suj
# type: matrix
# rows: 1
# columns: 32
 0 1 1 1 1 1 1 1 1 1 1 1 0 1 1 1 1 1 1 1 0 0 1 0 0 1 0 0 0 0 1 0


# name: response_suj_rt
# type: matrix
# rows: 1
# columns: 32
 391.8139934539795 300.5449771881104 248.3329772949219 237.1070384979248 313.6141300201416 213.8948440551758 150.7070064544678 52.83212661743164 1494.488000869751 512.7038955688477 305.8321475982666 306.1830997467041 259.6218585968018 915.8918857574463 281.3000679016113 290.0471687316895 294.3160533905029 374.6011257171631 409.5470905303955 98.73604774475098 638.7910842895508 237.0240688323975 329.272985458374 566.5979385375977 438.305139541626 311.4471435546875 317.6708221435547 449.5029449462891 368.6408996582031 300.0810146331787 213.8261795043945 219.7089195251465




# name: <cell-element>
# type: scalar struct
# ndims: 2
 1 1
# length: 33
# name: priorAlphaRange
# type: range
# base, limit, increment
0 2.5 0.1


# name: prior
# type: matrix
# rows: 1
# columns: 26
 0.03846153846153846 0.03846153846153846 0.03846153846153846 0.03846153846153846 0.03846153846153846 0.03846153846153846 0.03846153846153846 0.03846153846153846 0.03846153846153846 0.03846153846153846 0.03846153846153846 0.03846153846153846 0.03846153846153846 0.03846153846153846 0.03846153846153846 0.03846153846153846 0.03846153846153846 0.03846153846153846 0.03846153846153846 0.03846153846153846 0.03846153846153846 0.03846153846153846 0.03846153846153846 0.03846153846153846 0.03846153846153846 0.03846153846153846


# name: pdf
# type: matrix
# rows: 1
# columns: 26
 4.635287286319995e-06 7.960428891906106e-06 1.588120427631053e-05 3.637489788385514e-05 9.301632093936324e-05 0.0002549480626361574 0.0007142602117884809 0.00195165675711312 0.004996262608211064 0.01162925438700258 0.02414212536956164 0.04425785406951538 0.07139810130896741 0.101347759200363 0.1266776928617946 0.1394969098266668 0.1354070025221077 0.1160392462925021 0.08809600532465885 0.05959109800998882 0.03619909926395593 0.019937540858325 0.01006453072330827 0.004710462812374808 0.002068272650681079 0.000862048739199218


# name: mode
# type: scalar
1.5


# name: mean
# type: scalar
1.533363189464259


# name: sd
# type: scalar
0.2878455722946961


# name: modeUniformPrior
# type: scalar
1.5


# name: meanUniformPrior
# type: scalar
1.533363189464259


# name: sdUniformPrior
# type: scalar
0.2878455722946961


# name: response
# type: matrix
# rows: 1
# columns: 32
 0 1 1 0 0 1 0 1 0 0 1 1 1 1 1 1 1 0 1 0 1 1 1 1 1 1 1 1 1 1 1 0


# name: stopCriterion
# type: sq_string
# elements: 1
# length: 6
trials


# name: stopRule
# type: scalar
32


