# Created by Octave 3.6.4, Wed Mar 05 19:05:41 2014 CET <exp@Einzelzelle>
# name: PMs
# type: cell
# rows: 6
# columns: 6
# name: <cell-element>
# type: scalar struct
# ndims: 2
 1 1
# length: 33
# name: priorAlphaRange
# type: range
# base, limit, increment
0 2.5 0.1


# name: prior
# type: matrix
# rows: 1
# columns: 26
 0.03846153846153846 0.03846153846153846 0.03846153846153846 0.03846153846153846 0.03846153846153846 0.03846153846153846 0.03846153846153846 0.03846153846153846 0.03846153846153846 0.03846153846153846 0.03846153846153846 0.03846153846153846 0.03846153846153846 0.03846153846153846 0.03846153846153846 0.03846153846153846 0.03846153846153846 0.03846153846153846 0.03846153846153846 0.03846153846153846 0.03846153846153846 0.03846153846153846 0.03846153846153846 0.03846153846153846 0.03846153846153846 0.03846153846153846


# name: pdf
# type: matrix
# rows: 1
# columns: 26
 1.974498690978199e-08 5.323577153237543e-08 1.62993418724988e-07 5.525488496403093e-07 2.018771917590801e-06 7.732526184622725e-06 3.015579888429679e-05 0.0001159712272052041 0.0004251179420081871 0.001436920166837195 0.004349749284104763 0.01152602937833519 0.02631379441468725 0.05127464680590563 0.08494732032115272 0.1197151477263223 0.1440855406042899 0.1490859204083115 0.133767169972671 0.1051391592413309 0.07320691203155384 0.04569702451360819 0.02588905180506163 0.01347826136017496 0.006528219188139282 0.002977347988287048


# name: mode
# type: scalar
1.7


# name: mean
# type: scalar
1.693471243919387


# name: sd
# type: scalar
0.2687005961279478


# name: modeUniformPrior
# type: scalar
1.7


# name: meanUniformPrior
# type: scalar
1.693471243919387


# name: sdUniformPrior
# type: scalar
0.2687005961279477


# name: response
# type: matrix
# rows: 1
# columns: 32
 1 0 1 0 1 1 0 0 1 0 1 1 1 1 1 0 0 1 1 0 1 1 1 0 0 0 1 1 1 1 1 1


# name: stopCriterion
# type: sq_string
# elements: 1
# length: 6
trials


# name: stopRule
# type: scalar
32


# name: stop
# type: scalar
1


# name: PF
# type: function handle
# octaveroot: /usr
# path: /home/exp/sc/palamedes1_5_0/Palamedes/PAL_Gumbel.m
PAL_Gumbel


# name: beta
# type: scalar
0.5


# name: gamma
# type: scalar
0.1666666666666667


# name: lambda
# type: scalar
0.05


# name: xMin
# type: scalar
0


# name: xMax
# type: scalar
2.5


# name: direction
# type: scalar
-1


# name: reversal
# type: matrix
# rows: 1
# columns: 32
 0 1 2 3 4 0 5 0 6 7 8 0 0 0 0 9 0 10 0 11 12 0 0 13 0 0 14 0 0 0 0 0


# name: meanmode
# type: sq_string
# elements: 1
# length: 4
mean


# name: xCurrent
# type: scalar
1.693471243919387


# name: x
# type: matrix
# rows: 1
# columns: 32
 2.5 1.186099546478885 1.610299062237291 1.450022732998851 2.5 2.5 0.8339765904441845 1.781280545426558 1.958979097972714 1.284745735334145 2.5 1.939870754456031 1.879732883035586 1.81723706650285 2.5 0.9458938232929754 1.064816786522254 2.5 1.8117042289772 1.758980496639058 2.5 1.834761660554787 1.077166195872902 0.9693119812042812 1.776928821589462 1.225574826674233 1.905917497770069 1.866895930009059 2.5 1.807976891339239 1.042153034734022 1.729105837068319


# name: xStaircase
# type: matrix
# rows: 1
# columns: 33
 2.5 1.186099546478885 1.610299062237291 1.450022732998851 1.767801389620142 1.716103842029085 1.666988295222092 1.781280545426558 1.958979097972714 1.892372867667072 1.975829234647067 1.939870754456031 1.879732883035586 1.81723706650285 1.753382521505271 1.722946911646488 1.782408393261127 1.840456272119545 1.8117042289772 1.758980496639058 1.860757427185233 1.834761660554787 1.788583097936451 1.734655990602141 1.776928821589462 1.862787413337117 1.905917497770069 1.866895930009059 1.82828047413496 1.807976891339239 1.771076517367011 1.729105837068319 1.693471243919387


# name: stimulus
# type: sq_string
# elements: 1
# length: 3
cap


# name: thc_type
# type: matrix
# rows: 1
# columns: 32
 2 0.5 0.5 1 2 2 0 0.5 1 0 2 1 1 1 2 0 0 2 0.5 0.5 2 1 0 0 0.5 0 0.5 0.5 2 1 0 1


# name: run
# type: matrix
# rows: 1
# columns: 32
 1 1 1 1 1 1 1 1 1 1 1 1 1 1 1 1 1 1 1 1 1 1 1 1 1 1 1 1 1 1 1 1


# name: noise_variance
# type: matrix
# rows: 1
# columns: 32
 0 1.313900453521115 0.889700937762709 1.049977267001149 0 0 1.666023409555816 0.7187194545734421 0.5410209020272858 1.215254264665855 0 0.560129245543969 0.6202671169644143 0.6827629334971503 0 1.554106176707025 1.435183213477746 0 0.6882957710228004 0.7410195033609424 0 0.665238339445213 1.422833804127098 1.530688018795719 0.7230711784105379 1.274425173325767 0.594082502229931 0.6331040699909409 0 0.6920231086607607 1.457846965265978 0.7708941629316812


# name: response_obj
# type: matrix
# rows: 1
# columns: 32
 1 0 1 0 1 1 0 0 1 0 1 1 1 1 1 0 0 1 1 0 1 1 1 0 0 0 1 1 1 1 1 1


# name: response_obj_rt
# type: matrix
# rows: 1
# columns: 32
 1392.047882080078 1230.748176574707 2249.285936355591 1670.289993286133 1409.384965896606 518.6371803283691 1504.271984100342 1349.515914916992 1480.449914932251 1839.386940002441 908.8129997253418 1243.009090423584 828.5191059112549 1226.070165634155 642.2219276428223 904.0708541870117 730.9529781341553 748.1470108032227 541.4230823516846 852.4351119995117 1358.541011810303 490.1299476623535 1315.033912658691 1852.423906326294 2172.816038131714 2668.501853942871 943.4771537780762 512.8040313720703 300.0621795654297 581.2959671020508 2899.333953857422 973.351001739502


# name: response_suj
# type: matrix
# rows: 1
# columns: 32
 1 0 1 0 1 1 0 0 1 0 1 1 1 1 1 0 0 1 1 0 1 1 0 1 0 0 1 1 1 1 0 1


# name: response_suj_rt
# type: matrix
# rows: 1
# columns: 32
 351.6559600830078 371.7939853668213 946.058988571167 116.1351203918457 466.8648242950439 362.9450798034668 454.6840190887451 236.7980480194092 317.5840377807617 1046.869039535522 805.124044418335 529.6449661254883 604.6149730682373 368.6871528625488 731.3730716705322 173.6440658569336 441.2548542022705 323.012113571167 299.8130321502686 237.0941638946533 575.3409862518311 754.2159557342529 1064.393043518066 621.6700077056885 1092.920064926147 2559.15904045105 507.3421001434326 543.8768863677979 466.5219783782959 530.5590629577637 305.9279918670654 444.3590641021729




# name: <cell-element>
# type: scalar struct
# ndims: 2
 1 1
# length: 33
# name: priorAlphaRange
# type: range
# base, limit, increment
0 2.5 0.1


# name: prior
# type: matrix
# rows: 1
# columns: 26
 0.03846153846153846 0.03846153846153846 0.03846153846153846 0.03846153846153846 0.03846153846153846 0.03846153846153846 0.03846153846153846 0.03846153846153846 0.03846153846153846 0.03846153846153846 0.03846153846153846 0.03846153846153846 0.03846153846153846 0.03846153846153846 0.03846153846153846 0.03846153846153846 0.03846153846153846 0.03846153846153846 0.03846153846153846 0.03846153846153846 0.03846153846153846 0.03846153846153846 0.03846153846153846 0.03846153846153846 0.03846153846153846 0.03846153846153846


# name: pdf
# type: matrix
# rows: 1
# columns: 26
 7.776071849705062e-12 1.012553612297503e-11 1.414345706401777e-11 2.16528460398735e-11 3.745641458962557e-11 7.601693855039607e-11 1.880908991640317e-10 5.842188719705534e-10 2.298284139359105e-09 1.123868086762646e-08 6.521167738741799e-08 4.200152329613335e-07 2.785803354793883e-06 1.771113941345546e-05 0.0001016183261531276 0.0005028665356619562 0.002082252034880317 0.007091308882228925 0.01972693358203769 0.04486930723689975 0.08399298412945951 0.1307550600076121 0.1714765777318685 0.1921982879457034 0.1869394679344043 0.1602423390069658


# name: mode
# type: scalar
2.3


# name: mean
# type: scalar
2.248207163345873


# name: sd
# type: scalar
0.1902916093401135


# name: modeUniformPrior
# type: scalar
2.3


# name: meanUniformPrior
# type: scalar
2.248207163345873


# name: sdUniformPrior
# type: scalar
0.1902916093401135


# name: response
# type: matrix
# rows: 1
# columns: 32
 1 1 0 0 0 1 0 0 0 1 1 1 1 0 0 0 0 1 1 0 1 1 1 1 1 0 0 1 1 1 1 0


# name: stopCriterion
# type: sq_string
# elements: 1
# length: 6
trials


# name: stopRule
# type: scalar
32


