# Created by Octave 3.6.4, Wed Mar 05 19:48:52 2014 CET <exp@Einzelzelle>
# name: PMs
# type: cell
# rows: 6
# columns: 6
# name: <cell-element>
# type: scalar struct
# ndims: 2
 1 1
# length: 33
# name: priorAlphaRange
# type: range
# base, limit, increment
0 2.5 0.1


# name: prior
# type: matrix
# rows: 1
# columns: 26
 0.03846153846153846 0.03846153846153846 0.03846153846153846 0.03846153846153846 0.03846153846153846 0.03846153846153846 0.03846153846153846 0.03846153846153846 0.03846153846153846 0.03846153846153846 0.03846153846153846 0.03846153846153846 0.03846153846153846 0.03846153846153846 0.03846153846153846 0.03846153846153846 0.03846153846153846 0.03846153846153846 0.03846153846153846 0.03846153846153846 0.03846153846153846 0.03846153846153846 0.03846153846153846 0.03846153846153846 0.03846153846153846 0.03846153846153846


# name: pdf
# type: matrix
# rows: 1
# columns: 26
 5.300822290272649e-12 3.077880608099759e-11 2.066575962024046e-10 1.524841830526563e-09 1.173991771876571e-08 8.977707404034892e-08 6.520726485804698e-07 4.326276357663728e-06 2.538797150540519e-05 0.0001285777375503595 0.0005526332566070865 0.001996271857738381 0.006036894236829795 0.01529144506271011 0.03256673475005042 0.05867783608236317 0.09015547896293771 0.1192174943106797 0.1370734112290164 0.1385397125129096 0.1244945252538653 0.1006329299343073 0.07403390216320314 0.05014890663742969 0.03163444715467017 0.01878832925204934


# name: mode
# type: scalar
1.9


# name: mean
# type: scalar
1.881926237155715


# name: sd
# type: scalar
0.2764806212404745


# name: modeUniformPrior
# type: scalar
1.9


# name: meanUniformPrior
# type: scalar
1.881926237155715


# name: sdUniformPrior
# type: scalar
0.2764806212404745


# name: response
# type: matrix
# rows: 1
# columns: 32
 0 1 1 0 1 0 0 0 1 0 1 0 0 0 1 1 0 1 1 1 1 1 0 1 1 0 0 0 1 1 1 0


# name: stopCriterion
# type: sq_string
# elements: 1
# length: 6
trials


# name: stopRule
# type: scalar
32


# name: stop
# type: scalar
1


# name: PF
# type: function handle
# octaveroot: /usr
# path: /home/exp/sc/palamedes1_5_0/Palamedes/PAL_Gumbel.m
PAL_Gumbel


# name: beta
# type: scalar
0.5


# name: gamma
# type: scalar
0.1666666666666667


# name: lambda
# type: scalar
0.05


# name: xMin
# type: scalar
0


# name: xMax
# type: scalar
2.5


# name: direction
# type: scalar
1


# name: reversal
# type: matrix
# rows: 1
# columns: 32
 0 1 0 2 3 4 0 0 5 6 7 8 0 0 9 0 10 11 0 0 0 0 12 13 0 14 0 0 15 0 0 16


# name: meanmode
# type: sq_string
# elements: 1
# length: 4
mean


# name: xCurrent
# type: scalar
1.881926237155715


# name: x
# type: matrix
# rows: 1
# columns: 32
 1.29020686587908 1.693471243919387 1.693471243919387 1.29020686587908 2.5 1.29020686587908 0.8869424878387737 0.8869424878387737 2.5 0.8869424878387737 1.29020686587908 0.8869424878387737 1.29020686587908 1.693471243919387 1.29020686587908 2.5 0.8869424878387737 1.693471243919387 2.5 2.5 2.5 2.5 0.8869424878387737 1.693471243919387 1.29020686587908 0.8869424878387737 1.693471243919387 0.8869424878387737 2.5 1.693471243919387 1.693471243919387 1.29020686587908


# name: xStaircase
# type: matrix
# rows: 1
# columns: 33
 1.29020686587908 1.699593443764889 1.544893280369815 1.393695308831481 1.69615968036264 1.644612848083325 1.824480653787655 1.904971085143762 1.967144966801149 1.927183321469707 1.979943784678355 1.903042509973257 1.954864684618106 2.02105330229096 2.099147067325374 2.045314126990872 2.013678211776977 2.046146733312606 1.993322576611547 1.962844188489666 1.933110361682395 1.904335477409566 1.876682947443396 1.911314355907793 1.861870367622269 1.808697743728871 1.844049696568121 1.918652369477032 1.94693568077882 1.922798335946218 1.880184391108845 1.838403674526162 1.881926237155715


# name: stimulus
# type: sq_string
# elements: 1
# length: 3
cap


# name: thc_type
# type: matrix
# rows: 1
# columns: 32
 0.5 1 1 0.5 2 0.5 0 0 2 0 0.5 0 0.5 1 0.5 2 0 1 2 2 2 2 0 1 0.5 0 1 0 2 1 1 0.5


# name: run
# type: matrix
# rows: 1
# columns: 32
 2 2 2 2 2 2 2 2 2 2 2 2 2 2 2 2 2 2 2 2 2 2 2 2 2 2 2 2 2 2 2 2


# name: noise_variance
# type: matrix
# rows: 1
# columns: 32
 1.20979313412092 0.8065287560806131 0.8065287560806131 1.20979313412092 0 1.20979313412092 1.613057512161226 1.613057512161226 0 1.613057512161226 1.20979313412092 1.613057512161226 1.20979313412092 0.8065287560806131 1.20979313412092 0 1.613057512161226 0.8065287560806131 0 0 0 0 1.613057512161226 0.8065287560806131 1.20979313412092 1.613057512161226 0.8065287560806131 1.613057512161226 0 0.8065287560806131 0.8065287560806131 1.20979313412092


# name: response_obj
# type: matrix
# rows: 1
# columns: 32
 0 1 1 0 1 0 0 0 1 0 1 0 0 0 1 1 0 1 1 1 1 1 0 1 1 0 0 0 1 1 1 0


# name: response_obj_rt
# type: matrix
# rows: 1
# columns: 32
 1025.263071060181 1284.548997879028 903.7630558013916 3150.095224380493 346.2591171264648 2737.504005432129 507.1699619293213 404.2668342590332 288.7370586395264 2262.571811676025 328.956127166748 1877.335071563721 2152.434110641479 668.2469844818115 1397.806882858276 317.3859119415283 832.3500156402588 346.2550640106201 254.4040679931641 282.9668521881104 472.6710319519043 306.3271045684814 530.0359725952148 317.3840045928955 306.4711093902588 1981.178998947144 501.6870498657227 1163.017988204956 478.428840637207 297.3568439483643 309.0682029724121 2079.807043075562


# name: response_suj
# type: matrix
# rows: 1
# columns: 32
 0 1 1 0 1 0 0 0 1 0 1 0 0 0 1 1 0 1 1 1 1 1 0 1 1 0 0 0 1 1 1 0


# name: response_suj_rt
# type: matrix
# rows: 1
# columns: 32
 762.4919414520264 622.4818229675293 588.036060333252 1185.055017471313 300.2989292144775 730.9041023254395 748.7518787384033 558.9590072631836 421.2918281555176 490.1609420776367 466.9430255889893 773.6730575561523 654.4759273529053 231.36305809021 346.0659980773926 737.3101711273193 530.5221080780029 427.7050495147705 426.6180992126465 576.4129161834717 607.511043548584 725.4319190979004 495.481014251709 496.1800575256348 524.1999626159668 363.3348941802979 426.5749454498291 473.1271266937256 1105.28302192688 473.2511043548584 495.5918788909912 265.7020092010498




# name: <cell-element>
# type: scalar struct
# ndims: 2
 1 1
# length: 33
# name: priorAlphaRange
# type: range
# base, limit, increment
0 2.5 0.1


# name: prior
# type: matrix
# rows: 1
# columns: 26
 0.03846153846153846 0.03846153846153846 0.03846153846153846 0.03846153846153846 0.03846153846153846 0.03846153846153846 0.03846153846153846 0.03846153846153846 0.03846153846153846 0.03846153846153846 0.03846153846153846 0.03846153846153846 0.03846153846153846 0.03846153846153846 0.03846153846153846 0.03846153846153846 0.03846153846153846 0.03846153846153846 0.03846153846153846 0.03846153846153846 0.03846153846153846 0.03846153846153846 0.03846153846153846 0.03846153846153846 0.03846153846153846 0.03846153846153846


# name: pdf
# type: matrix
# rows: 1
# columns: 26
 2.362307226388075e-05 2.377955392077557e-05 2.417958984702812e-05 2.510868280632491e-05 2.711552509162641e-05 3.126532523841945e-05 3.976736060199604e-05 5.76675010122997e-05 9.7636434501692e-05 0.0001939261599065786 0.0004430347157700736 0.001116016815545791 0.002929900444282132 0.007551586984642881 0.01810262855939641 0.03865699926211478 0.07132256567332022 0.1115837812489456 0.1467323886650724 0.1620143535081096 0.1509214854192685 0.1196699455805242 0.08172477184088878 0.04872486684995219 0.02573563854133632 0.01222596668563966


# name: mode
# type: scalar
1.9


# name: mean
# type: scalar
1.911786973450666


# name: sd
# type: scalar
0.2476135027915106


# name: modeUniformPrior
# type: scalar
1.9


# name: meanUniformPrior
# type: scalar
1.911786973450666


# name: sdUniformPrior
# type: scalar
0.2476135027915106


# name: response
# type: matrix
# rows: 1
# columns: 32
 1 1 1 0 1 1 0 1 1 1 1 1 0 1 1 1 0 0 1 1 1 0 1 0 1 1 1 1 1 1 0 1


# name: stopCriterion
# type: sq_string
# elements: 1
# length: 6
trials


# name: stopRule
# type: scalar
32


