# Created by Octave 3.6.4, Fri Mar 07 12:45:29 2014 CET <exp@Einzelzelle>
# name: PMs
# type: cell
# rows: 6
# columns: 6
# name: <cell-element>
# type: scalar struct
# ndims: 2
 1 1
# length: 33
# name: priorAlphaRange
# type: range
# base, limit, increment
0 2.5 0.1


# name: prior
# type: matrix
# rows: 1
# columns: 26
 0.03846153846153846 0.03846153846153846 0.03846153846153846 0.03846153846153846 0.03846153846153846 0.03846153846153846 0.03846153846153846 0.03846153846153846 0.03846153846153846 0.03846153846153846 0.03846153846153846 0.03846153846153846 0.03846153846153846 0.03846153846153846 0.03846153846153846 0.03846153846153846 0.03846153846153846 0.03846153846153846 0.03846153846153846 0.03846153846153846 0.03846153846153846 0.03846153846153846 0.03846153846153846 0.03846153846153846 0.03846153846153846 0.03846153846153846


# name: pdf
# type: matrix
# rows: 1
# columns: 26
 4.645970368685676e-14 3.48061371146874e-13 2.912448317295708e-12 2.638205225506006e-11 2.499166487722096e-10 2.37954659330959e-09 2.180302472271388e-08 1.841857469543132e-07 1.382314866269609e-06 8.961156368839709e-06 4.926086920760493e-05 0.0002273366186723038 0.0008777391782856949 0.002838805668078088 0.007725591950108579 0.01780988678163021 0.03506615767892964 0.05951658435585764 0.0879550048951461 0.1143737509123484 0.1322935336244115 0.1376115890363913 0.1301420099471015 0.1131072527265673 0.09128674944753491 0.06910819419057006


# name: mode
# type: scalar
2.1


# name: mean
# type: scalar
2.067385411403976


# name: sd
# type: scalar
0.2629936294836304


# name: modeUniformPrior
# type: scalar
2.1


# name: meanUniformPrior
# type: scalar
2.067385411403976


# name: sdUniformPrior
# type: scalar
0.2629936294836304


# name: response
# type: matrix
# rows: 1
# columns: 32
 0 1 0 0 0 0 1 1 1 0 0 0 0 1 1 1 1 1 0 0 0 0 0 1 0 1 1 0 1 0 1 0


# name: stopCriterion
# type: sq_string
# elements: 1
# length: 6
trials


# name: stopRule
# type: scalar
32


# name: stop
# type: scalar
1


# name: PF
# type: function handle
# octaveroot: /usr
# path: /home/exp/sc/palamedes1_5_0/Palamedes/PAL_Gumbel.m
PAL_Gumbel


# name: beta
# type: scalar
0.5


# name: gamma
# type: scalar
0.1666666666666667


# name: lambda
# type: scalar
0.05


# name: xMin
# type: scalar
0


# name: xMax
# type: scalar
2.5


# name: direction
# type: scalar
1


# name: reversal
# type: matrix
# rows: 1
# columns: 32
 0 1 2 0 0 0 3 0 0 4 0 0 0 5 0 0 0 0 6 0 0 0 0 7 8 9 0 10 11 12 13 14


# name: meanmode
# type: sq_string
# elements: 1
# length: 4
mean


# name: xCurrent
# type: scalar
2.067385411403976


# name: x
# type: matrix
# rows: 1
# columns: 32
 0.6231651744164175 1.561582587208209 1.092373880812313 0.6231651744164175 1.561582587208209 0.6231651744164175 2.5 2.5 1.092373880812313 1.092373880812313 0.6231651744164175 1.561582587208209 1.092373880812313 0.6231651744164175 2.5 2.5 1.561582587208209 1.092373880812313 1.561582587208209 1.092373880812313 0.6231651744164175 1.561582587208209 0.6231651744164175 2.5 1.092373880812313 2.5 2.5 1.092373880812313 2.5 1.561582587208209 1.561582587208209 0.6231651744164175


# name: xStaircase
# type: matrix
# rows: 1
# columns: 33
 0.6231651744164175 1.533903052984864 1.350284178758026 1.657816165857798 1.780221321401216 1.970574780506319 2.018684084238953 1.976450894697009 1.934053482244998 1.838800276100073 1.925317986885106 1.96694869596591 2.056889206054176 2.099230213703368 2.049478925119822 2.01573066217507 1.982054377270623 1.918244045648966 1.848947470045109 1.940081268454052 1.98639787912847 2.011066849286606 2.071342260550253 2.090114475676935 2.063004421163773 2.093314085508895 2.067356901798624 2.041481418804024 2.070857022566018 2.046050021252679 2.090895866471107 2.051753088124927 2.067385411403976


# name: stimulus
# type: sq_string
# elements: 1
# length: 6
bucket


# name: thc_type
# type: matrix
# rows: 1
# columns: 32
 0 1 0.5 0 1 0 2 2 0.5 0.5 0 1 0.5 0 2 2 1 0.5 1 0.5 0 1 0 2 0.5 2 2 0.5 2 1 1 0


# name: run
# type: matrix
# rows: 1
# columns: 32
 2 2 2 2 2 2 2 2 2 2 2 2 2 2 2 2 2 2 2 2 2 2 2 2 2 2 2 2 2 2 2 2


# name: noise_variance
# type: matrix
# rows: 1
# columns: 32
 1.876834825583583 0.9384174127917913 1.407626119187687 1.876834825583583 0.9384174127917913 1.876834825583583 0 0 1.407626119187687 1.407626119187687 1.876834825583583 0.9384174127917913 1.407626119187687 1.876834825583583 0 0 0.9384174127917913 1.407626119187687 0.9384174127917913 1.407626119187687 1.876834825583583 0.9384174127917913 1.876834825583583 0 1.407626119187687 0 0 1.407626119187687 0 0.9384174127917913 0.9384174127917913 1.876834825583583


# name: response_obj
# type: matrix
# rows: 1
# columns: 32
 0 1 0 0 0 0 1 1 1 0 0 0 0 1 1 1 1 1 0 0 0 0 0 1 0 1 1 0 1 0 1 0


# name: response_obj_rt
# type: matrix
# rows: 1
# columns: 32
 236.926794052124 463.9489650726318 1445.080995559692 1601.315021514893 1393.058061599731 179.7621250152588 243.2000637054443 231.5969467163086 478.8470268249512 219.5978164672852 214.2970561981201 686.5701675415039 237.2190952301025 306.149959564209 208.4078788757324 173.4950542449951 698.2541084289551 202.4929523468018 692.0480728149414 277.2901058197021 1756.887197494507 208.1730365753174 208.4841728210449 0.8268356323242188 3139.990091323853 0.7979869842529297 93.20592880249023 577.5861740112305 196.7599391937256 783.4739685058594 0.7789134979248047 2607.32889175415


# name: response_suj
# type: matrix
# rows: 1
# columns: 32
 0 1 0 1 0 0 1 1 0 0 0 0 0 0 1 1 0 0 0 0 0 0 0 1 0 1 1 0 1 0 1 0


# name: response_suj_rt
# type: matrix
# rows: 1
# columns: 32
 254.5731067657471 415.3668880462646 389.042854309082 219.6271419525146 162.1417999267578 41.29409790039062 225.2070903778076 230.2241325378418 86.5321159362793 133.1977844238281 727.5481224060059 714.1180038452148 87.36610412597656 179.4910430908203 202.5241851806641 144.813060760498 122.5440502166748 294.4679260253906 202.3289203643799 196.5899467468262 99.14708137512207 64.38398361206055 70.04189491271973 429.6319484710693 104.6440601348877 190.7620429992676 150.3620147705078 191.1249160766602 116.3270473480225 47.06215858459473 18.23186874389648 75.85000991821289




# name: <cell-element>
# type: scalar struct
# ndims: 2
 1 1
# length: 33
# name: priorAlphaRange
# type: range
# base, limit, increment
0 2.5 0.1


# name: prior
# type: matrix
# rows: 1
# columns: 26
 0.03846153846153846 0.03846153846153846 0.03846153846153846 0.03846153846153846 0.03846153846153846 0.03846153846153846 0.03846153846153846 0.03846153846153846 0.03846153846153846 0.03846153846153846 0.03846153846153846 0.03846153846153846 0.03846153846153846 0.03846153846153846 0.03846153846153846 0.03846153846153846 0.03846153846153846 0.03846153846153846 0.03846153846153846 0.03846153846153846 0.03846153846153846 0.03846153846153846 0.03846153846153846 0.03846153846153846 0.03846153846153846 0.03846153846153846


# name: pdf
# type: matrix
# rows: 1
# columns: 26
 2.264810194074016e-12 3.019260872142463e-12 4.835311663110327e-12 9.843033081360879e-12 2.656959325342886e-11 9.65916207964943e-11 4.645917294496858e-10 2.814289348862861e-09 1.998173460949878e-08 1.532373277101676e-07 1.172175378701639e-06 8.3479779689465e-06 5.243835536177762e-05 0.0002795370195854048 0.001233789767886722 0.004449465337889801 0.01305375342390066 0.03122325343858895 0.06131298895768048 0.09986636325834018 0.1366194876207274 0.1591781239480114 0.1602980085835518 0.1416397895782612 0.1114758873224923 0.07930741659330733


# name: mode
# type: scalar
2.2


# name: mean
# type: scalar
2.134664187137658


# name: sd
# type: scalar
0.2244213238487832


# name: modeUniformPrior
# type: scalar
2.2


# name: meanUniformPrior
# type: scalar
2.134664187137658


# name: sdUniformPrior
# type: scalar
0.2244213238487832


# name: response
# type: matrix
# rows: 1
# columns: 32
 0 0 0 1 1 1 1 1 0 1 0 1 1 0 1 1 1 0 0 0 0 1 0 1 1 1 1 0 1 0 0 1


# name: stopCriterion
# type: sq_string
# elements: 1
# length: 6
trials


