# Created by Octave 3.6.4, Fri Mar 07 12:09:21 2014 CET <exp@Einzelzelle>
# name: PMs
# type: cell
# rows: 6
# columns: 6
# name: <cell-element>
# type: scalar struct
# ndims: 2
 1 1
# length: 33
# name: priorAlphaRange
# type: range
# base, limit, increment
0 2.5 0.1


# name: prior
# type: matrix
# rows: 1
# columns: 26
 0.03846153846153846 0.03846153846153846 0.03846153846153846 0.03846153846153846 0.03846153846153846 0.03846153846153846 0.03846153846153846 0.03846153846153846 0.03846153846153846 0.03846153846153846 0.03846153846153846 0.03846153846153846 0.03846153846153846 0.03846153846153846 0.03846153846153846 0.03846153846153846 0.03846153846153846 0.03846153846153846 0.03846153846153846 0.03846153846153846 0.03846153846153846 0.03846153846153846 0.03846153846153846 0.03846153846153846 0.03846153846153846 0.03846153846153846


# name: pdf
# type: matrix
# rows: 1
# columns: 26
 1.748988114545583e-06 3.605634562259126e-06 7.868860277268425e-06 1.841831271836983e-05 4.640631403398778e-05 0.000124657685550874 0.0003489039914727756 0.0009846042250642383 0.002698937737752746 0.006931312059853903 0.01617036879514867 0.03346692219165999 0.06045218207123754 0.09437646736897265 0.1267864927682352 0.1465574887670797 0.1462518673962777 0.1267446702479848 0.09615150393468229 0.06446408586462668 0.0386051348724035 0.02088832667387249 0.01033376368526931 0.004731034455429455 0.002028730234344293 0.0008244968633747507


# name: mode
# type: scalar
1.5


# name: mean
# type: scalar
1.561582587208209


# name: sd
# type: scalar
0.2725455894441023


# name: modeUniformPrior
# type: scalar
1.5


# name: meanUniformPrior
# type: scalar
1.561582587208208


# name: sdUniformPrior
# type: scalar
0.2725455894441023


# name: response
# type: matrix
# rows: 1
# columns: 32
 0 0 0 1 0 0 1 1 1 1 1 1 1 1 1 1 1 0 1 1 1 1 1 0 1 0 1 1 1 0 0 1


# name: stopCriterion
# type: sq_string
# elements: 1
# length: 6
trials


# name: stopRule
# type: scalar
32


# name: stop
# type: scalar
1


# name: PF
# type: function handle
# octaveroot: /usr
# path: /home/exp/sc/palamedes1_5_0/Palamedes/PAL_Gumbel.m
PAL_Gumbel


# name: beta
# type: scalar
0.5


# name: gamma
# type: scalar
0.1666666666666667


# name: lambda
# type: scalar
0.05


# name: xMin
# type: scalar
0


# name: xMax
# type: scalar
2.5


# name: direction
# type: scalar
-1


# name: reversal
# type: matrix
# rows: 1
# columns: 32
 0 0 0 1 2 0 3 0 0 0 0 0 0 0 0 0 0 4 5 0 0 0 0 6 7 8 9 0 0 10 0 11


# name: meanmode
# type: sq_string
# elements: 1
# length: 4
mean


# name: xCurrent
# type: scalar
1.561582587208209


# name: x
# type: matrix
# rows: 1
# columns: 32
 1.77635683940025e-15 1.409007421593816 1.801672346485616 2.5 1.493483786954918 1.702635849454349 2.179184889244141 2.5 2.108394192973366 1.623651981806579 1.49965829633698 1.930453230800276 2.5 1.834061991736587 2.5 2.5 1.710100443839666 1.648534723807765 2.5 1.741511876161477 1.689443165499979 1.638136372791141 2.5 0.6397197189248458 1.607775670872719 0.6243707360175486 1.596727406076647 1.553858826696517 1.512121128379057 0.4428721746488833 1.49917836911473 2.5


# name: xStaircase
# type: matrix
# rows: 1
# columns: 33
 1.77635683940025e-15 1.409007421593816 1.801672346485616 2.041321250845032 1.996741893477459 2.101317924727175 2.179184889244141 2.139819210938467 2.108394192973366 2.061825990903289 1.99982914816849 1.930453230800276 1.868781958083408 1.834061991736587 1.770376130156953 1.73928091269829 1.710100443839666 1.648534723807765 1.767448983834578 1.741511876161477 1.689443165499979 1.638136372791141 1.587790052452372 1.569859859462423 1.607775670872719 1.562185368008774 1.596727406076647 1.553858826696517 1.512121128379057 1.471436087324442 1.49917836911473 1.574488688323716 1.561582587208209


# name: stimulus
# type: sq_string
# elements: 1
# length: 6
bucket


# name: thc_type
# type: matrix
# rows: 1
# columns: 32
 0 1 1 2 0 0 0.5 2 0.5 0 0 0.5 2 1 2 2 1 1 2 0.5 1 1 2 0 1 0 0.5 0.5 0.5 0 0.5 2


# name: run
# type: matrix
# rows: 1
# columns: 32
 1 1 1 1 1 1 1 1 1 1 1 1 1 1 1 1 1 1 1 1 1 1 1 1 1 1 1 1 1 1 1 1


# name: noise_variance
# type: matrix
# rows: 1
# columns: 32
 2.499999999999998 1.090992578406184 0.6983276535143841 0 1.006516213045082 0.7973641505456506 0.3208151107558592 0 0.3916058070266337 0.8763480181934211 1.00034170366302 0.569546769199724 0 0.665938008263413 0 0 0.7898995561603337 0.8514652761922346 0 0.7584881238385228 0.8105568345000214 0.8618636272088587 0 1.860280281075154 0.8922243291272809 1.875629263982451 0.9032725939233535 0.946141173303483 0.9878788716209432 2.057127825351117 1.00082163088527 0


# name: response_obj
# type: matrix
# rows: 1
# columns: 32
 0 0 0 1 0 0 1 1 1 1 1 1 1 1 1 1 1 0 1 1 1 1 1 0 1 0 1 1 1 0 0 1


# name: response_obj_rt
# type: matrix
# rows: 1
# columns: 32
 5052.932024002075 2625.0159740448 3488.387107849121 743.5920238494873 5863.003969192505 1030.362844467163 840.5449390411377 4436.393022537231 2477.155923843384 1719.55680847168 1248.028993606567 865.9939765930176 317.3949718475342 271.4900970458984 294.2240238189697 524.5320796966553 311.3899230957031 4896.322011947632 248.2638359069824 312.1051788330078 259.8340511322021 202.3689746856689 76.171875 248.0919361114502 213.9229774475098 840.8470153808594 242.5580024719238 479.0821075439453 380.8438777923584 507.0731639862061 2408.125877380371 231.1129570007324


# name: response_suj
# type: matrix
# rows: 1
# columns: 32
 0 0 0 1 0 0 1 1 1 1 0 1 1 1 1 1 1 0 1 1 1 1 1 0 1 0 1 1 1 0 0 1


# name: response_suj_rt
# type: matrix
# rows: 1
# columns: 32
 2559.895038604736 1540.62294960022 708.1990242004395 955.9578895568848 897.4969387054443 650.547981262207 581.7279815673828 1024.780988693237 701.8601894378662 762.5529766082764 403.0578136444092 305.5210113525391 512.1080875396729 615.8878803253174 1035.631895065308 277.1821022033691 869.6079254150391 305.5338859558105 271.5940475463867 1099.399089813232 1254.896879196167 575.3850936889648 228.1029224395752 179.4779300689697 173.6338138580322 185.3740215301514 231.3649654388428 2233.039855957031 386.9249820709229 75.82306861877441 185.4841709136963 197.7500915527344




# name: <cell-element>
# type: scalar struct
# ndims: 2
 1 1
# length: 33
# name: priorAlphaRange
# type: range
# base, limit, increment
0 2.5 0.1


# name: prior
# type: matrix
# rows: 1
# columns: 26
 0.03846153846153846 0.03846153846153846 0.03846153846153846 0.03846153846153846 0.03846153846153846 0.03846153846153846 0.03846153846153846 0.03846153846153846 0.03846153846153846 0.03846153846153846 0.03846153846153846 0.03846153846153846 0.03846153846153846 0.03846153846153846 0.03846153846153846 0.03846153846153846 0.03846153846153846 0.03846153846153846 0.03846153846153846 0.03846153846153846 0.03846153846153846 0.03846153846153846 0.03846153846153846 0.03846153846153846 0.03846153846153846 0.03846153846153846


# name: pdf
# type: matrix
# rows: 1
# columns: 26
 1.393114841081258e-08 1.808290677791843e-08 2.583583862743692e-08 4.120867897794702e-08 7.430696802591957e-08 1.530294248336275e-07 3.620902318605138e-07 9.836954407218787e-07 3.038144806953891e-06 1.044085418104299e-05 3.858774079045929e-05 0.0001466587972845223 0.0005451112474297997 0.001886749421756647 0.00583175370577108 0.01559543166445627 0.0353413162256869 0.06712432953890621 0.1065337542681477 0.1417295174231974 0.1592538874030908 0.1527610757703204 0.1266920617160282 0.09212020230047217 0.05958728869833198 0.03479712289870308


# name: mode
# type: scalar
2


# name: mean
# type: scalar
2.026488923625823


# name: sd
# type: scalar
0.239251810354007


# name: modeUniformPrior
# type: scalar
2


# name: meanUniformPrior
# type: scalar
2.026488923625823


# name: sdUniformPrior
# type: scalar
0.239251810354007


# name: response
# type: matrix
# rows: 1
# columns: 32
 0 0 1 0 0 0 1 1 0 1 1 1 0 1 1 0 1 1 1 1 0 1 1 1 1 0 1 1 1 0 1 1


# name: stopCriterion
# type: sq_string
# elements: 1
# length: 6
trials


# name: stopRule
# type: scalar
32


