# Created by Octave 3.6.4, Sat Mar 22 12:19:29 2014 CET <exp@Einzelzelle>
# name: PMs
# type: cell
# rows: 6
# columns: 6
# name: <cell-element>
# type: scalar struct
# ndims: 2
 1 1
# length: 33
# name: priorAlphaRange
# type: range
# base, limit, increment
0 2.5 0.1


# name: prior
# type: matrix
# rows: 1
# columns: 26
 0.03846153846153846 0.03846153846153846 0.03846153846153846 0.03846153846153846 0.03846153846153846 0.03846153846153846 0.03846153846153846 0.03846153846153846 0.03846153846153846 0.03846153846153846 0.03846153846153846 0.03846153846153846 0.03846153846153846 0.03846153846153846 0.03846153846153846 0.03846153846153846 0.03846153846153846 0.03846153846153846 0.03846153846153846 0.03846153846153846 0.03846153846153846 0.03846153846153846 0.03846153846153846 0.03846153846153846 0.03846153846153846 0.03846153846153846


# name: pdf
# type: matrix
# rows: 1
# columns: 26
 2.725148782226177e-10 2.748863844559308e-10 2.811791287414908e-10 2.964021199657123e-10 3.310619072376522e-10 4.085826076715649e-10 5.885305955717258e-10 1.050361129838272e-09 2.442773813548694e-09 7.584498705797314e-09 3.101516931575437e-08 1.586262214373595e-07 9.378100803113679e-07 5.86204593846748e-06 3.560824991563002e-05 0.0001960424113823733 0.000929299044186847 0.003667753689098921 0.01183172926556544 0.0309841128478739 0.06598311191565444 0.1151577746436796 0.1666573372192433 0.2028741654899592 0.2110220848508446 0.1906539773443949


# name: mode
# type: scalar
2.4


# name: mean
# type: scalar
2.278384084007222


# name: sd
# type: scalar
0.1770120185402425


# name: modeUniformPrior
# type: scalar
2.4


# name: meanUniformPrior
# type: scalar
2.278384084007222


# name: sdUniformPrior
# type: scalar
0.1770120185402425


# name: response
# type: matrix
# rows: 1
# columns: 32
 0 1 0 0 1 1 1 0 1 1 1 0 1 0 0 1 1 1 1 1 1 1 0 1 0 0 0 1 1 1 0 0


# name: stopCriterion
# type: sq_string
# elements: 1
# length: 6
trials


# name: stopRule
# type: scalar
32


# name: stop
# type: scalar
1


# name: PF
# type: function handle
# octaveroot: /usr
# path: /home/exp/sc/palamedes1_5_0/Palamedes/PAL_Gumbel.m
PAL_Gumbel


# name: beta
# type: scalar
0.5


# name: gamma
# type: scalar
0.1666666666666667


# name: lambda
# type: scalar
0.05


# name: xMin
# type: scalar
0


# name: xMax
# type: scalar
2.5


# name: direction
# type: scalar
1


# name: reversal
# type: matrix
# rows: 1
# columns: 32
 0 1 2 0 3 0 0 4 5 0 0 6 7 8 0 9 0 0 0 0 0 0 10 11 12 0 0 13 0 0 14 0


# name: meanmode
# type: sq_string
# elements: 1
# length: 4
mean


# name: xCurrent
# type: scalar
2.278384084007222


# name: x
# type: matrix
# rows: 1
# columns: 32
 2.145658000372316 2.263772000248211 2.027544000496421 2.145658000372316 2.263772000248211 2.027544000496421 2.145658000372316 2.027544000496421 2.145658000372316 2.5 2.145658000372316 2.027544000496421 2.5 2.027544000496421 2.027544000496421 2.263772000248211 2.5 2.145658000372316 2.5 2.5 2.263772000248211 2.263772000248211 2.027544000496421 2.5 2.263772000248211 2.145658000372316 2.145658000372316 2.5 2.5 2.263772000248211 2.027544000496421 2.263772000248211


# name: xStaircase
# type: matrix
# rows: 1
# columns: 33
 2.145658000372316 1.80527736762449 1.707588495758514 2.049269146743006 2.199190976817534 2.161681368097331 2.111983995690986 2.060632481369695 2.173263503971514 2.134939288468749 2.105147806554681 2.062008381218013 2.153556562321706 2.127667575378427 2.193853262893731 2.24281411286935 2.219877535335531 2.199940911668878 2.172843615388456 2.151419546178106 2.129639086413249 2.102380482845979 2.074705010385027 2.134156012861056 2.113684637789364 2.175451687706284 2.221049267228188 2.258826870786578 2.243969703537602 2.228687882485604 2.20991605985793 2.243030690283508 2.278384084007222


# name: stimulus
# type: sq_string
# elements: 1
# length: 4
shoe


# name: thc_type
# type: matrix
# rows: 1
# columns: 32
 0.5 1 0 0.5 1 0 0.5 0 0.5 2 0.5 0 2 0 0 1 2 0.5 2 2 1 1 0 2 1 0.5 0.5 2 2 1 0 1


# name: run
# type: matrix
# rows: 1
# columns: 32
 2 2 2 2 2 2 2 2 2 2 2 2 2 2 2 2 2 2 2 2 2 2 2 2 2 2 2 2 2 2 2 2


# name: noise_variance
# type: matrix
# rows: 1
# columns: 32
 0.354341999627684 0.2362279997517893 0.4724559995035786 0.354341999627684 0.2362279997517893 0.4724559995035786 0.354341999627684 0.4724559995035786 0.354341999627684 0 0.354341999627684 0.4724559995035786 0 0.4724559995035786 0.4724559995035786 0.2362279997517893 0 0.354341999627684 0 0 0.2362279997517893 0.2362279997517893 0.4724559995035786 0 0.2362279997517893 0.354341999627684 0.354341999627684 0 0 0.2362279997517893 0.4724559995035786 0.2362279997517893


# name: response_obj
# type: matrix
# rows: 1
# columns: 32
 0 1 0 0 1 1 1 0 1 1 1 0 1 0 0 1 1 1 1 1 1 1 0 1 0 0 0 1 1 1 0 0


# name: response_obj_rt
# type: matrix
# rows: 1
# columns: 32
 616.5070533752441 0.8311271667480469 743.6051368713379 936.3830089569092 0.7841587066650391 507.5581073760986 783.7409973144531 875.5118846893311 821.303129196167 358.0570220947266 455.7840824127197 363.4719848632812 674.232006072998 231.7650318145752 444.5259571075439 352.4878025054932 259.8819732666016 375.1659393310547 380.9151649475098 938.8530254364014 490.2849197387695 295.1138019561768 507.5829029083252 743.6380386352539 1204.298973083496 392.3618793487549 151.0751247406006 0.8280277252197266 357.8751087188721 363.4757995605469 1051.090002059937 2017.253160476685


# name: response_suj
# type: matrix
# rows: 1
# columns: 32
 0 1 0 1 1 1 0 0 1 1 0 1 1 0 0 1 1 1 1 1 1 1 0 1 0 0 0 1 1 1 0 1


# name: response_suj_rt
# type: matrix
# rows: 1
# columns: 32
 737.929105758667 271.4037895202637 277.0090103149414 93.13702583312988 0.8380413055419922 41.29600524902344 616.0750389099121 70.09983062744141 2198.992013931274 282.649040222168 346.3151454925537 208.482027053833 859.2779636383057 0.7860660552978516 346.3008403778076 70.10293006896973 703.3100128173828 783.5400104522705 403.7899971008301 340.7940864562988 78.64594459533691 173.8619804382324 271.7399597167969 595.3679084777832 235.3549003601074 294.5189476013184 248.7101554870605 6.671905517578125 939.417839050293 409.512996673584 98.99783134460449 846.6591835021973




# name: <cell-element>
# type: scalar struct
# ndims: 2
 1 1
# length: 33
# name: priorAlphaRange
# type: range
# base, limit, increment
0 2.5 0.1


# name: prior
# type: matrix
# rows: 1
# columns: 26
 0.03846153846153846 0.03846153846153846 0.03846153846153846 0.03846153846153846 0.03846153846153846 0.03846153846153846 0.03846153846153846 0.03846153846153846 0.03846153846153846 0.03846153846153846 0.03846153846153846 0.03846153846153846 0.03846153846153846 0.03846153846153846 0.03846153846153846 0.03846153846153846 0.03846153846153846 0.03846153846153846 0.03846153846153846 0.03846153846153846 0.03846153846153846 0.03846153846153846 0.03846153846153846 0.03846153846153846 0.03846153846153846 0.03846153846153846


# name: pdf
# type: matrix
# rows: 1
# columns: 26
 0.06621165780127197 0.0662126523667044 0.06621583707912389 0.06622428722979064 0.06624282797415121 0.06627558517370989 0.06631728947290885 0.06633273772096278 0.06621749627074185 0.06573634636051787 0.0644546712877548 0.06172172641926922 0.05681117802992146 0.04928799301098976 0.03946999529099634 0.02860676581606926 0.01846184522096508 0.0104860289073772 0.005206555194583825 0.002255348807630236 0.0008541334509876454 0.0002843922659372231 8.395035408355399e-05 2.220184480758437e-05 5.323901314684721e-06 1.172747428562754e-06


# name: mode
# type: scalar
0.7000000000000001


# name: mean
# type: scalar
0.724070276953114


# name: sd
# type: scalar
0.4668441635368452


# name: modeUniformPrior
# type: scalar
0.7000000000000001


# name: meanUniformPrior
# type: scalar
0.724070276953114


# name: sdUniformPrior
# type: scalar
0.4668441635368451


# name: response
# type: matrix
# rows: 1
# columns: 32
 1 0 1 1 1 1 1 1 1 1 1 1 1 1 1 1 1 1 1 1 1 1 1 1 1 1 1 1 1 1 1 1


# name: stopCriterion
# type: sq_string
# elements: 1
# length: 6
trials


