# Created by Octave 3.6.4, Sat Mar 22 11:44:29 2014 CET <exp@Einzelzelle>
# name: PMs
# type: cell
# rows: 6
# columns: 6
# name: <cell-element>
# type: scalar struct
# ndims: 2
 1 1
# length: 33
# name: priorAlphaRange
# type: range
# base, limit, increment
0 2.5 0.1


# name: prior
# type: matrix
# rows: 1
# columns: 26
 0.03846153846153846 0.03846153846153846 0.03846153846153846 0.03846153846153846 0.03846153846153846 0.03846153846153846 0.03846153846153846 0.03846153846153846 0.03846153846153846 0.03846153846153846 0.03846153846153846 0.03846153846153846 0.03846153846153846 0.03846153846153846 0.03846153846153846 0.03846153846153846 0.03846153846153846 0.03846153846153846 0.03846153846153846 0.03846153846153846 0.03846153846153846 0.03846153846153846 0.03846153846153846 0.03846153846153846 0.03846153846153846 0.03846153846153846


# name: pdf
# type: matrix
# rows: 1
# columns: 26
 6.948923292550782e-12 9.073210323941251e-12 1.301042021930709e-11 2.081727841584888e-11 3.784345754979079e-11 7.979850919585348e-11 1.995162241225746e-10 6.027896162546099e-10 2.221088669939068e-09 9.908432570292572e-09 5.205020432317465e-08 3.071040090789613e-07 1.914755789345381e-06 1.181180649980449e-05 6.777819425467651e-05 0.000343744782554699 0.001484042002403488 0.005324512439676746 0.01568118479167883 0.0377925760398204 0.07481888366759126 0.122728730775633 0.1688006430395209 0.1973968852019816 0.1992437930865329 0.17630312716253


# name: mode
# type: scalar
2.4


# name: mean
# type: scalar
2.263772000248211


# name: sd
# type: scalar
0.1842922859878118


# name: modeUniformPrior
# type: scalar
2.4


# name: meanUniformPrior
# type: scalar
2.26377200024821


# name: sdUniformPrior
# type: scalar
0.1842922859878118


# name: response
# type: matrix
# rows: 1
# columns: 32
 1 0 0 0 1 0 1 1 0 0 0 1 1 1 1 0 0 1 0 0 1 1 1 1 0 1 0 1 1 0 1 1


# name: stopCriterion
# type: sq_string
# elements: 1
# length: 6
trials


# name: stopRule
# type: scalar
32


# name: stop
# type: scalar
1


# name: PF
# type: function handle
# octaveroot: /usr
# path: /home/exp/sc/palamedes1_5_0/Palamedes/PAL_Gumbel.m
PAL_Gumbel


# name: beta
# type: scalar
0.5


# name: gamma
# type: scalar
0.1666666666666667


# name: lambda
# type: scalar
0.05


# name: xMin
# type: scalar
0


# name: xMax
# type: scalar
2.5


# name: direction
# type: scalar
-1


# name: reversal
# type: matrix
# rows: 1
# columns: 32
 0 1 0 0 2 3 4 0 5 0 0 6 0 0 0 7 0 8 9 0 10 0 0 0 11 12 13 14 0 15 16 0


# name: meanmode
# type: sq_string
# elements: 1
# length: 4
mean


# name: xCurrent
# type: scalar
2.263772000248211


# name: x
# type: matrix
# rows: 1
# columns: 32
 2.5 1.186099546478885 1.610299062237291 1.318224089618664 2.5 1.989066018956763 2.5 2.5 1.615844672991781 2.130008163118183 1.921002723695658 2.5 2.237590640832161 2.211812858445721 1.867578495348311 2.148583475679584 1.925809144983407 2.5 1.96979431372216 2.270818429722592 2.5 2.295222319970346 2.278507840857813 2.260591172000161 1.982936809388739 2.272996178346177 2.255394705145841 2.5 2.278394442386859 2.261917436973573 2.091881448171335 2.279564269592052


# name: xStaircase
# type: matrix
# rows: 1
# columns: 33
 2.5 1.186099546478885 1.610299062237291 1.909112044809332 2.031054550602593 1.989066018956763 2.125027162406722 2.091970208381889 2.05792233649589 2.130008163118183 2.210501361847829 2.257303370083849 2.237590640832161 2.211812858445721 2.183789247674155 2.148583475679584 2.212904572491703 2.25291480265956 2.23489715686108 2.270818429722592 2.308847356267405 2.295222319970346 2.278507840857813 2.260591172000161 2.241468404694369 2.272996178346177 2.255394705145841 2.291861568437348 2.278394442386859 2.261917436973573 2.295940724085668 2.279564269592052 2.263772000248211


# name: stimulus
# type: sq_string
# elements: 1
# length: 4
shoe


# name: thc_type
# type: matrix
# rows: 1
# columns: 32
 2 0.5 1 0 2 1 2 2 0 1 0 2 1 0.5 0 1 0 2 0 1 2 0.5 0.5 0.5 0 1 0.5 2 0.5 0.5 0 1


# name: run
# type: matrix
# rows: 1
# columns: 32
 1 1 1 1 1 1 1 1 1 1 1 1 1 1 1 1 1 1 1 1 1 1 1 1 1 1 1 1 1 1 1 1


# name: noise_variance
# type: matrix
# rows: 1
# columns: 32
 0 1.313900453521115 0.889700937762709 1.181775910381336 0 0.510933981043237 0 0 0.8841553270082194 0.3699918368818169 0.5789972763043423 0 0.2624093591678389 0.2881871415542792 0.6324215046516892 0.3514165243204159 0.5741908550165933 0 0.5302056862778404 0.229181570277408 0 0.2047776800296539 0.221492159142187 0.2394088279998385 0.5170631906112613 0.227003821653823 0.2446052948541588 0 0.2216055576131408 0.2380825630264267 0.4081185518286645 0.2204357304079481


# name: response_obj
# type: matrix
# rows: 1
# columns: 32
 1 0 0 0 1 0 1 1 0 0 0 1 1 1 1 0 0 1 0 0 1 1 1 1 0 1 0 1 1 0 1 1


# name: response_obj_rt
# type: matrix
# rows: 1
# columns: 32
 1460.95085144043 1423.693895339966 2047.785043716431 3285.690069198608 2105.041027069092 5769.855976104736 1761.965990066528 2030.473947525024 719.5188999176025 679.7058582305908 1154.024124145508 1340.23904800415 1180.577039718628 1598.748922348022 1025.525808334351 473.2561111450195 457.4949741363525 1283.146858215332 1186.379909515381 2350.775957107544 1036.088943481445 2002.429008483887 1278.764009475708 357.5758934020996 788.9089584350586 363.6360168457031 277.5590419769287 1959.610939025879 415.5550003051758 1912.553071975708 898.770809173584 197.5381374359131


# name: response_suj
# type: matrix
# rows: 1
# columns: 32
 1 1 0 0 1 0 1 1 0 0 0 1 1 1 0 0 0 1 0 0 1 1 1 1 0 1 0 1 1 0 1 1


# name: response_suj_rt
# type: matrix
# rows: 1
# columns: 32
 437.4170303344727 489.4931316375732 828.6991119384766 1368.543148040771 1710.971117019653 1328.763008117676 13.01693916320801 190.7100677490234 870.0659275054932 1023.972988128662 896.7750072479248 444.4808959960938 1369.389057159424 179.0728569030762 535.7911586761475 1306.418895721436 949.6469497680664 311.5921020507812 907.5720310211182 960.8910083770752 345.9081649780273 196.9139575958252 248.2900619506836 236.1559867858887 820.8720684051514 230.0620079040527 897.7398872375488 311.7239475250244 231.0230731964111 167.8459644317627 0.5078315734863281 122.0018863677979




# name: <cell-element>
# type: scalar struct
# ndims: 2
 1 1
# length: 33
# name: priorAlphaRange
# type: range
# base, limit, increment
0 2.5 0.1


# name: prior
# type: matrix
# rows: 1
# columns: 26
 0.03846153846153846 0.03846153846153846 0.03846153846153846 0.03846153846153846 0.03846153846153846 0.03846153846153846 0.03846153846153846 0.03846153846153846 0.03846153846153846 0.03846153846153846 0.03846153846153846 0.03846153846153846 0.03846153846153846 0.03846153846153846 0.03846153846153846 0.03846153846153846 0.03846153846153846 0.03846153846153846 0.03846153846153846 0.03846153846153846 0.03846153846153846 0.03846153846153846 0.03846153846153846 0.03846153846153846 0.03846153846153846 0.03846153846153846


# name: pdf
# type: matrix
# rows: 1
# columns: 26
 1.254697749815109e-13 1.575080666289465e-13 2.061359189134775e-13 2.848960340147932e-13 4.232130183117224e-13 6.916580884280056e-13 1.280425284377926e-12 2.77831387113961e-12 7.327021092766003e-12 2.42604446040795e-11 1.028437549767562e-10 5.561939469552089e-10 3.713078841678196e-09 2.880349275492731e-08 2.402457684095858e-07 1.987851677184599e-06 1.51929084764252e-05 0.0001014797679062151 0.0005703952336071245 0.002639166731460362 0.009958257483135571 0.03064264982676233 0.0773990366507608 0.1622269138140399 0.2859913977404772 0.4304532485327842


# name: mode
# type: scalar
2.5


# name: mean
# type: scalar
2.396419651152364


# name: sd
# type: scalar
0.1195306581080764


# name: modeUniformPrior
# type: scalar
2.5


# name: meanUniformPrior
# type: scalar
2.396419651152364


# name: sdUniformPrior
# type: scalar
0.1195306581080764


# name: response
# type: matrix
# rows: 1
# columns: 32
 0 1 0 0 1 0 0 0 1 0 1 1 0 1 0 1 0 0 0 1 1 0 0 0 0 1 1 1 1 1 1 0


# name: stopCriterion
# type: sq_string
# elements: 1
# length: 6
trials


