# Created by Octave 3.8.1, Thu Mar 20 18:30:12 2014 UTC <exp@verleihnix>
# name: PMs
# type: cell
# rows: 6
# columns: 6
# name: <cell-element>
# type: scalar struct
# ndims: 2
 1 1
# length: 33
# name: priorAlphaRange
# type: range
# base, limit, increment
0 2.5 0.1


# name: prior
# type: matrix
# rows: 1
# columns: 26
 0.03846153846153846 0.03846153846153846 0.03846153846153846 0.03846153846153846 0.03846153846153846 0.03846153846153846 0.03846153846153846 0.03846153846153846 0.03846153846153846 0.03846153846153846 0.03846153846153846 0.03846153846153846 0.03846153846153846 0.03846153846153846 0.03846153846153846 0.03846153846153846 0.03846153846153846 0.03846153846153846 0.03846153846153846 0.03846153846153846 0.03846153846153846 0.03846153846153846 0.03846153846153846 0.03846153846153846 0.03846153846153846 0.03846153846153846


# name: pdf
# type: matrix
# rows: 1
# columns: 26
 8.605260110630445e-10 9.44041583686859e-10 1.125574423429223e-09 1.527385657570878e-09 2.483689031344448e-09 5.067246958371768e-09 1.332625636567632e-08 4.507672023485459e-08 1.895435976721275e-07 9.330831011702923e-07 4.992404981605553e-06 2.690705007774945e-05 0.000136492014339052 0.0006172276347398495 0.002392398545793813 0.007749793260754796 0.02069670123206794 0.04536429167773057 0.08179661448451118 0.1222088765466108 0.1529104486319099 0.1623098740123488 0.1482661909836976 0.1183237928540617 0.08377115409123513 0.05342305153700062


# name: mode
# type: scalar
2.1


# name: mean
# type: scalar
2.085251024035466


# name: sd
# type: scalar
0.2297810746114289


# name: modeUniformPrior
# type: scalar
2.1


# name: meanUniformPrior
# type: scalar
2.085251024035466


# name: sdUniformPrior
# type: scalar
0.2297810746114289


# name: response
# type: matrix
# rows: 1
# columns: 32
 1 1 0 1 0 1 0 1 1 0 1 1 0 0 0 0 1 1 1 1 1 1 1 0 1 1 0 1 1 1 0 0


# name: stopCriterion
# type: sq_string
# elements: 1
# length: 6
trials


# name: stopRule
# type: scalar
32


# name: stop
# type: scalar
1


# name: PF
# type: function handle
# octaveroot: /usr
# path: /home/exp/sc/palamedes1_5_0/Palamedes/PAL_Gumbel.m
PAL_Gumbel


# name: beta
# type: scalar
0.5


# name: gamma
# type: scalar
0.1666666666666667


# name: lambda
# type: scalar
0.05


# name: xMin
# type: scalar
0


# name: xMax
# type: scalar
2.5


# name: direction
# type: scalar
1


# name: reversal
# type: matrix
# rows: 1
# columns: 32
 0 0 1 2 3 4 5 6 0 7 8 0 9 0 0 0 10 0 0 0 0 0 0 11 12 0 13 14 0 0 15 0


# name: meanmode
# type: sq_string
# elements: 1
# length: 4
mean


# name: xCurrent
# type: scalar
2.085251024035466


# name: x
# type: matrix
# rows: 1
# columns: 32
 2.5 1.719917395613325 1.719917395613325 2.109958697806662 1.719917395613325 1.914938046709994 1.914938046709994 2.5 2.109958697806662 1.719917395613325 1.914938046709994 2.5 1.914938046709994 2.109958697806662 1.719917395613325 1.719917395613325 2.109958697806662 2.109958697806662 2.109958697806662 2.5 2.109958697806662 1.914938046709994 1.719917395613325 1.719917395613325 2.5 2.5 1.914938046709994 2.5 2.5 2.109958697806662 1.914938046709994 1.914938046709994


# name: xStaircase
# type: matrix
# rows: 1
# columns: 33
 2.5 1.186099546478885 1.032267482074527 1.568653089592789 1.466756474088515 1.819865580361664 1.725140009871297 1.954654714775769 1.914122260614437 1.852127679431399 1.985439485640761 1.926826247090885 1.892514795637884 2.01056396931286 2.109844200693002 2.161926071528068 2.203800751455681 2.17516131101751 2.14491023083661 2.113318966293844 2.089733422366296 2.056911174490243 2.020122962089524 1.980188699957971 2.035744542935157 2.01341938815156 1.991603182327888 2.051316082074439 2.030636377296123 2.010397741846267 1.982396468875539 2.03689830248219 2.085251024035466


# name: stimulus
# type: sq_string
# elements: 1
# length: 4
shoe


# name: thc_type
# type: matrix
# rows: 1
# columns: 32
 2 0 0 1 0 0.5 0.5 2 1 0 0.5 2 0.5 1 0 0 1 1 1 2 1 0.5 0 0 2 2 0.5 2 2 1 0.5 0.5


# name: run
# type: matrix
# rows: 1
# columns: 32
 2 2 2 2 2 2 2 2 2 2 2 2 2 2 2 2 2 2 2 2 2 2 2 2 2 2 2 2 2 2 2 2


# name: noise_variance
# type: matrix
# rows: 1
# columns: 32
 0 0.7800826043866751 0.7800826043866751 0.3900413021933375 0.7800826043866751 0.5850619532900063 0.5850619532900063 0 0.3900413021933375 0.7800826043866751 0.5850619532900063 0 0.5850619532900063 0.3900413021933375 0.7800826043866751 0.7800826043866751 0.3900413021933375 0.3900413021933375 0.3900413021933375 0 0.3900413021933375 0.5850619532900063 0.7800826043866751 0.7800826043866751 0 0 0.5850619532900063 0 0 0.3900413021933375 0.5850619532900063 0.5850619532900063


# name: response_obj
# type: matrix
# rows: 1
# columns: 32
 1 1 0 1 0 1 0 1 1 0 1 1 0 0 0 0 1 1 1 1 1 1 1 0 1 1 0 1 1 1 0 0


# name: response_obj_rt
# type: matrix
# rows: 1
# columns: 32
 883.9418888092041 830.8072090148926 1145.380973815918 1053.811073303223 699.3429660797119 793.9581871032715 900.8009433746338 835.8049392700195 953.1500339508057 2400.868892669678 1249.572038650513 846.6000556945801 921.9529628753662 1395.286083221436 705.610990524292 669.586181640625 474.7450351715088 1145.952939987183 1070.960998535156 806.0541152954102 856.7829132080078 863.5871410369873 807.1260452270508 1688.34400177002 821.1908340454102 719.3789482116699 647.2220420837402 684.7219467163086 681.1649799346924 1072.813034057617 977.6642322540283 1651.717901229858


# name: response_suj
# type: matrix
# rows: 1
# columns: 32
 1 1 0 1 0 1 0 1 1 0 0 1 0 0 0 0 1 1 1 1 1 1 0 0 1 1 0 1 1 1 0 0


# name: response_suj_rt
# type: matrix
# rows: 1
# columns: 32
 358.2499027252197 151.5638828277588 401.7958641052246 117.542028427124 533.2720279693604 342.7829742431641 255.4750442504883 125.3030300140381 261.3561153411865 1064.846992492676 432.204008102417 244.6589469909668 455.2650451660156 357.6028347015381 488.4960651397705 320.648193359375 312.27707862854 352.0970344543457 233.0448627471924 310.338020324707 301.5239238739014 278.8910865783691 599.0889072418213 369.1840171813965 198.9789009094238 176.1860847473145 308.2718849182129 306.7939281463623 260.3898048400879 203.0649185180664 318.9530372619629 431.3530921936035




# name: <cell-element>
# type: scalar struct
# ndims: 2
 1 1
# length: 33
# name: priorAlphaRange
# type: range
# base, limit, increment
0 2.5 0.1


# name: prior
# type: matrix
# rows: 1
# columns: 26
 0.03846153846153846 0.03846153846153846 0.03846153846153846 0.03846153846153846 0.03846153846153846 0.03846153846153846 0.03846153846153846 0.03846153846153846 0.03846153846153846 0.03846153846153846 0.03846153846153846 0.03846153846153846 0.03846153846153846 0.03846153846153846 0.03846153846153846 0.03846153846153846 0.03846153846153846 0.03846153846153846 0.03846153846153846 0.03846153846153846 0.03846153846153846 0.03846153846153846 0.03846153846153846 0.03846153846153846 0.03846153846153846 0.03846153846153846


# name: pdf
# type: matrix
# rows: 1
# columns: 26
 3.656192936414628e-06 1.264558426327375e-05 4.461753720396064e-05 0.000154937428931056 0.0005127416259260584 0.001573107626751948 0.004373915381562562 0.0108265044788208 0.02355073475888579 0.044656109792657 0.0735223286813865 0.10505401865907 0.1305504561211019 0.1416615299872156 0.1349500831191424 0.1135939155370508 0.08511517094623446 0.05723780539716319 0.03485255314890691 0.01939799140525207 0.00996608170193778 0.004774441326284962 0.002154634317077035 0.0009252675676993161 0.000381853566184468 0.0001528981103536364


# name: mode
# type: scalar
1.3


# name: mean
# type: scalar
1.33071040090459


# name: sd
# type: scalar
0.285675055371187


# name: modeUniformPrior
# type: scalar
1.3


# name: meanUniformPrior
# type: scalar
1.330710400904589


# name: sdUniformPrior
# type: scalar
0.285675055371187


# name: response
# type: matrix
# rows: 1
# columns: 32
 1 0 1 1 1 0 0 1 1 0 1 1 0 1 1 1 1 1 1 1 1 0 1 1 0 0 1 1 1 1 0 0


# name: stopCriterion
# type: sq_string
# elements: 1
# length: 6
trials


# name: stopRule
# type: scalar
32


