# Created by Octave 3.8.1, Thu Mar 20 17:53:06 2014 UTC <exp@verleihnix>
# name: PMs
# type: cell
# rows: 6
# columns: 6
# name: <cell-element>
# type: scalar struct
# ndims: 2
 1 1
# length: 33
# name: priorAlphaRange
# type: range
# base, limit, increment
0 2.5 0.1


# name: prior
# type: matrix
# rows: 1
# columns: 26
 0.03846153846153846 0.03846153846153846 0.03846153846153846 0.03846153846153846 0.03846153846153846 0.03846153846153846 0.03846153846153846 0.03846153846153846 0.03846153846153846 0.03846153846153846 0.03846153846153846 0.03846153846153846 0.03846153846153846 0.03846153846153846 0.03846153846153846 0.03846153846153846 0.03846153846153846 0.03846153846153846 0.03846153846153846 0.03846153846153846 0.03846153846153846 0.03846153846153846 0.03846153846153846 0.03846153846153846 0.03846153846153846 0.03846153846153846


# name: pdf
# type: matrix
# rows: 1
# columns: 26
 1.552673633032175e-10 2.968343213315861e-10 6.015203365679653e-10 1.302144372692396e-09 3.061043099540699e-09 7.981118079658681e-09 2.352886302943215e-08 7.923371544967647e-08 3.034650103990855e-07 1.294040224535738e-06 5.920013835695948e-06 2.768809440168244e-05 0.0001256366122047696 0.0005264518068083228 0.001955121446664377 0.006242596795684772 0.01680424116725194 0.03775106045778694 0.07059951002973026 0.110270811565728 0.1449311607216766 0.1619712917303716 0.155835486037904 0.1308391405995737 0.09723176908476849 0.06488040016986792


# name: mode
# type: scalar
2.1


# name: mean
# type: scalar
2.109958697806662


# name: sd
# type: scalar
0.2279502369725433


# name: modeUniformPrior
# type: scalar
2.1


# name: meanUniformPrior
# type: scalar
2.109958697806662


# name: sdUniformPrior
# type: scalar
0.2279502369725433


# name: response
# type: matrix
# rows: 1
# columns: 32
 1 1 0 0 0 1 1 0 0 0 1 0 0 1 0 0 1 1 1 1 1 0 1 1 0 1 1 1 0 1 1 1


# name: stopCriterion
# type: sq_string
# elements: 1
# length: 6
trials


# name: stopRule
# type: scalar
32


# name: stop
# type: scalar
1


# name: PF
# type: function handle
# octaveroot: /usr
# path: /home/exp/sc/palamedes1_5_0/Palamedes/PAL_Gumbel.m
PAL_Gumbel


# name: beta
# type: scalar
0.5


# name: gamma
# type: scalar
0.1666666666666667


# name: lambda
# type: scalar
0.05


# name: xMin
# type: scalar
0


# name: xMax
# type: scalar
2.5


# name: direction
# type: scalar
-1


# name: reversal
# type: matrix
# rows: 1
# columns: 32
 0 0 1 0 0 2 0 3 0 0 4 5 0 6 7 0 8 0 0 0 0 9 10 0 11 12 0 0 13 14 0 0


# name: meanmode
# type: sq_string
# elements: 1
# length: 4
mean


# name: xCurrent
# type: scalar
2.109958697806662


# name: x
# type: matrix
# rows: 1
# columns: 32
 2.5 2.5 1.12966001641293 0.5709216302014859 0.874699625242203 2.5 2.5 0.9539761309176846 1.833830047860146 1.996078325047295 2.113835054572613 1.639768540772007 1.770077677928399 2.190775625693528 2.159341039313327 1.950978477872459 2.266212476436384 2.244694313707753 2.221397575286124 2.196316882114875 2.169489199673993 1.781998167856651 2.5 2.163109873287377 2.135926075779512 2.5 2.172339970958302 2.5 2.127725045047725 1.858829108812317 2.152888513371066 2.5


# name: xStaircase
# type: matrix
# rows: 1
# columns: 33
 2.5 1.186099546478885 1.12966001641293 1.535460815100743 1.687349812621102 1.824254938020758 1.774622951904806 1.726988065458842 1.833830047860146 1.996078325047295 2.113835054572613 2.069884270386003 2.1350388389642 2.190775625693528 2.159341039313327 2.22548923893623 2.266212476436384 2.244694313707753 2.221397575286124 2.196316882114875 2.169489199673993 2.140999083928325 2.183511932293899 2.163109873287377 2.135926075779512 2.191342611320851 2.172339970958302 2.147364681568061 2.127725045047725 2.179414554406159 2.152888513371066 2.128605525230273 2.109958697806662


# name: stimulus
# type: sq_string
# elements: 1
# length: 4
shoe


# name: thc_type
# type: matrix
# rows: 1
# columns: 32
 2 2 1 0 0 2 2 0 0.5 1 0.5 0 0 0.5 0.5 0 1 1 0.5 1 1 0 2 0.5 1 2 0.5 2 0.5 0 1 2


# name: run
# type: matrix
# rows: 1
# columns: 32
 1 1 1 1 1 1 1 1 1 1 1 1 1 1 1 1 1 1 1 1 1 1 1 1 1 1 1 1 1 1 1 1


# name: noise_variance
# type: matrix
# rows: 1
# columns: 32
 0 0 1.37033998358707 1.929078369798514 1.625300374757797 0 0 1.546023869082315 0.6661699521398543 0.5039216749527053 0.3861649454273866 0.8602314592279932 0.7299223220716007 0.3092243743064715 0.3406589606866728 0.549021522127541 0.2337875235636164 0.2553056862922469 0.2786024247138759 0.3036831178851247 0.3305108003260067 0.718001832143349 0 0.3368901267126225 0.3640739242204885 0 0.3276600290416982 0 0.3722749549522746 0.6411708911876826 0.3471114866289335 0


# name: response_obj
# type: matrix
# rows: 1
# columns: 32
 1 1 0 0 0 1 1 0 0 0 1 0 0 1 0 0 1 1 1 1 1 0 1 1 0 1 1 1 0 1 1 1


# name: response_obj_rt
# type: matrix
# rows: 1
# columns: 32
 1950.474977493286 1479.951858520508 2053.087949752808 1042.73509979248 1628.910064697266 2012.794971466064 743.0500984191895 925.4460334777832 960.3919982910156 1294.880867004395 1230.301141738892 890.9590244293213 1126.952886581421 865.5319213867188 2105.265855789185 1997.237920761108 785.1951122283936 872.2090721130371 863.3079528808594 703.1180858612061 855.431079864502 868.9730167388916 1059.741020202637 726.4499664306641 1221.143960952759 871.999979019165 773.6551761627197 833.4259986877441 1816.508054733276 879.2068958282471 810.5859756469727 1280.681848526001


# name: response_suj
# type: matrix
# rows: 1
# columns: 32
 1 1 0 0 0 1 1 0 0 0 1 0 0 1 0 0 1 1 1 1 1 0 1 1 0 1 1 1 0 0 1 1


# name: response_suj_rt
# type: matrix
# rows: 1
# columns: 32
 707.1340084075928 1004.382848739624 915.7660007476807 1586.264848709106 953.9060592651367 489.4711971282959 504.6300888061523 856.0869693756104 629.7111511230469 561.722993850708 346.4381694793701 346.6320037841797 963.9089107513428 1292.943000793457 357.3081493377686 394.5930004119873 407.8869819641113 560.1108074188232 347.6779460906982 231.0400009155273 249.4690418243408 466.5369987487793 273.4370231628418 193.0630207061768 397.4349498748779 216.2611484527588 171.7309951782227 223.7679958343506 350.1510620117188 444.4360733032227 300.5411624908447 219.6409702301025




# name: <cell-element>
# type: scalar struct
# ndims: 2
 1 1
# length: 33
# name: priorAlphaRange
# type: range
# base, limit, increment
0 2.5 0.1


# name: prior
# type: matrix
# rows: 1
# columns: 26
 0.03846153846153846 0.03846153846153846 0.03846153846153846 0.03846153846153846 0.03846153846153846 0.03846153846153846 0.03846153846153846 0.03846153846153846 0.03846153846153846 0.03846153846153846 0.03846153846153846 0.03846153846153846 0.03846153846153846 0.03846153846153846 0.03846153846153846 0.03846153846153846 0.03846153846153846 0.03846153846153846 0.03846153846153846 0.03846153846153846 0.03846153846153846 0.03846153846153846 0.03846153846153846 0.03846153846153846 0.03846153846153846 0.03846153846153846


# name: pdf
# type: matrix
# rows: 1
# columns: 26
 1.893903448277789e-08 7.264743622881493e-08 2.996650376564024e-07 1.30425679079936e-06 5.817924748926861e-06 2.564219772330207e-05 0.0001074201582988259 0.0004128553045366523 0.001415178166724788 0.004240911254318752 0.01097543518536568 0.02438257979575548 0.04643217735308088 0.07593682428539585 0.1071033312725346 0.1310486442283312 0.1401102007604544 0.1319762919850689 0.110524137763481 0.08309692498334029 0.05666538835668456 0.03541788786513277 0.02050773415148592 0.01111734359586188 0.005701458299096113 0.002794119604280383


# name: mode
# type: scalar
1.6


# name: mean
# type: scalar
1.628496076289812


# name: sd
# type: scalar
0.2871301063665136


# name: modeUniformPrior
# type: scalar
1.6


# name: meanUniformPrior
# type: scalar
1.628496076289812


# name: sdUniformPrior
# type: scalar
0.2871301063665136


# name: response
# type: matrix
# rows: 1
# columns: 32
 1 0 1 1 1 1 1 0 0 0 1 0 1 0 1 0 0 1 1 1 1 1 1 0 1 0 0 1 1 1 0 0


# name: stopCriterion
# type: sq_string
# elements: 1
# length: 6
trials


# name: stopRule
# type: scalar
32


