# Created by Octave 3.6.4, Sat Mar 22 14:52:17 2014 CET <exp@Einzelzelle>
# name: PMs
# type: cell
# rows: 6
# columns: 6
# name: <cell-element>
# type: scalar struct
# ndims: 2
 1 1
# length: 33
# name: priorAlphaRange
# type: range
# base, limit, increment
0 2.5 0.1


# name: prior
# type: matrix
# rows: 1
# columns: 26
 0.03846153846153846 0.03846153846153846 0.03846153846153846 0.03846153846153846 0.03846153846153846 0.03846153846153846 0.03846153846153846 0.03846153846153846 0.03846153846153846 0.03846153846153846 0.03846153846153846 0.03846153846153846 0.03846153846153846 0.03846153846153846 0.03846153846153846 0.03846153846153846 0.03846153846153846 0.03846153846153846 0.03846153846153846 0.03846153846153846 0.03846153846153846 0.03846153846153846 0.03846153846153846 0.03846153846153846 0.03846153846153846 0.03846153846153846


# name: pdf
# type: matrix
# rows: 1
# columns: 26
 3.517336443855505e-08 1.563198890407274e-07 7.436281239515239e-07 3.612258643579568e-06 1.712781550706447e-05 7.620116049660377e-05 0.0003079633460872172 0.001102843913589599 0.003438428484727797 0.009231082855135261 0.02122349227109048 0.04174000421663336 0.07036033059564031 0.1020881487929856 0.1282362756646176 0.1404300132214129 0.1351305659376346 0.1152555039091393 0.0879502557161632 0.06063992007113821 0.03816517427772047 0.02215633786054697 0.01198975181659605 0.00611112180696288 0.002963767817708655 0.001381141068444817


# name: mode
# type: scalar
1.5


# name: mean
# type: scalar
1.546049136882585


# name: sd
# type: scalar
0.2868693600119073


# name: modeUniformPrior
# type: scalar
1.5


# name: meanUniformPrior
# type: scalar
1.546049136882585


# name: sdUniformPrior
# type: scalar
0.2868693600119073


# name: response
# type: matrix
# rows: 1
# columns: 32
 0 0 1 1 1 1 0 1 0 1 1 1 1 0 0 1 0 1 1 0 1 0 0 0 1 1 1 1 1 1 1 0


# name: stopCriterion
# type: sq_string
# elements: 1
# length: 6
trials


# name: stopRule
# type: scalar
32


# name: stop
# type: scalar
1


# name: PF
# type: function handle
# octaveroot: /usr
# path: /home/exp/sc/palamedes1_5_0/Palamedes/PAL_Gumbel.m
PAL_Gumbel


# name: beta
# type: scalar
0.5


# name: gamma
# type: scalar
0.1666666666666667


# name: lambda
# type: scalar
0.05


# name: xMin
# type: scalar
0


# name: xMax
# type: scalar
2.5


# name: direction
# type: scalar
1


# name: reversal
# type: matrix
# rows: 1
# columns: 32
 0 0 1 0 0 0 2 3 4 5 0 0 0 6 0 7 8 9 0 10 11 12 0 0 13 0 0 0 0 0 0 14


# name: meanmode
# type: sq_string
# elements: 1
# length: 4
mean


# name: xCurrent
# type: scalar
1.546049136882585


# name: x
# type: matrix
# rows: 1
# columns: 32
 1.19437323790705 0.7591643172094003 2.5 1.6295821586047 2.5 1.19437323790705 1.19437323790705 2.5 0.7591643172094003 1.19437323790705 2.5 1.6295821586047 1.6295821586047 1.19437323790705 0.7591643172094003 2.5 1.6295821586047 0.7591643172094003 1.6295821586047 0.7591643172094003 0.7591643172094003 0.7591643172094003 0.7591643172094003 1.19437323790705 1.6295821586047 1.6295821586047 1.19437323790705 2.5 2.5 1.6295821586047 2.5 1.19437323790705


# name: xStaircase
# type: matrix
# rows: 1
# columns: 33
 1.19437323790705 1.67665887112289 1.838355962602735 1.781243292819371 1.64904535061157 1.596158280411144 1.439027998584794 1.659778128384826 1.615448855968929 1.714736327407584 1.602660567772709 1.565623645921635 1.476727029384175 1.395067680687494 1.535978581374718 1.609206273206484 1.580738709466513 1.721602700110327 1.648129794427151 1.583985143204421 1.638267715671171 1.569376000123341 1.621424749712728 1.668851900402449 1.737247272502657 1.682377137046746 1.630442151324042 1.574535903683838 1.557159791350087 1.54107219329342 1.499582502723306 1.486486798996741 1.546049136882585


# name: stimulus
# type: sq_string
# elements: 1
# length: 6
bucket


# name: thc_type
# type: matrix
# rows: 1
# columns: 32
 0.5 0 2 1 2 0.5 0.5 2 0 0.5 2 1 1 0.5 0 2 1 0 1 0 0 0 0 0.5 1 1 0.5 2 2 1 2 0.5


# name: run
# type: matrix
# rows: 1
# columns: 32
 2 2 2 2 2 2 2 2 2 2 2 2 2 2 2 2 2 2 2 2 2 2 2 2 2 2 2 2 2 2 2 2


# name: noise_variance
# type: matrix
# rows: 1
# columns: 32
 1.30562676209295 1.7408356827906 0 0.8704178413952999 0 1.30562676209295 1.30562676209295 0 1.7408356827906 1.30562676209295 0 0.8704178413952999 0.8704178413952999 1.30562676209295 1.7408356827906 0 0.8704178413952999 1.7408356827906 0.8704178413952999 1.7408356827906 1.7408356827906 1.7408356827906 1.7408356827906 1.30562676209295 0.8704178413952999 0.8704178413952999 1.30562676209295 0 0 0.8704178413952999 0 1.30562676209295


# name: response_obj
# type: matrix
# rows: 1
# columns: 32
 0 0 1 1 1 1 0 1 0 1 1 1 1 0 0 1 0 1 1 0 1 0 0 0 1 1 1 1 1 1 1 0


# name: response_obj_rt
# type: matrix
# rows: 1
# columns: 32
 179.2302131652832 277.7919769287109 248.3160495758057 283.3662033081055 345.7179069519043 668.0200099945068 323.2300281524658 336.7688655853271 329.0369510650635 311.5301132202148 214.1299247741699 202.9318809509277 208.1451416015625 317.5480365753174 668.3580875396729 127.5339126586914 886.5401744842529 968.5499668121338 300.4601001739502 277.0118713378906 294.8191165924072 535.9740257263184 237.2829914093018 737.6141548156738 179.3251037597656 193.0129528045654 225.7430553436279 144.8249816894531 214.0109539031982 189.7430419921875 0.7889270782470703 259.8061561584473


# name: response_suj
# type: matrix
# rows: 1
# columns: 32
 0 0 1 0 1 1 0 1 0 1 1 1 1 0 0 1 0 0 1 0 0 0 0 0 1 1 1 1 1 1 1 0


# name: response_suj_rt
# type: matrix
# rows: 1
# columns: 32
 75.78110694885254 277.4169445037842 0.8990764617919922 259.9599361419678 196.5270042419434 213.9029502868652 179.7101497650146 259.6240043640137 634.4540119171143 202.5389671325684 197.239875793457 196.5470314025879 254.3981075286865 127.7840137481689 168.0769920349121 248.2190132141113 277.0271301269531 185.5008602142334 271.3289260864258 363.8601303100586 323.1279850006104 225.2919673919678 323.1990337371826 156.8560600280762 248.9249706268311 334.5420360565186 346.2660312652588 305.5269718170166 221.3249206542969 236.7179393768311 282.55295753479 261.6820335388184




# name: <cell-element>
# type: scalar struct
# ndims: 2
 1 1
# length: 33
# name: priorAlphaRange
# type: range
# base, limit, increment
0 2.5 0.1


# name: prior
# type: matrix
# rows: 1
# columns: 26
 0.03846153846153846 0.03846153846153846 0.03846153846153846 0.03846153846153846 0.03846153846153846 0.03846153846153846 0.03846153846153846 0.03846153846153846 0.03846153846153846 0.03846153846153846 0.03846153846153846 0.03846153846153846 0.03846153846153846 0.03846153846153846 0.03846153846153846 0.03846153846153846 0.03846153846153846 0.03846153846153846 0.03846153846153846 0.03846153846153846 0.03846153846153846 0.03846153846153846 0.03846153846153846 0.03846153846153846 0.03846153846153846 0.03846153846153846


# name: pdf
# type: matrix
# rows: 1
# columns: 26
 8.517058584803356e-05 0.0001305649911678468 0.0002249635815828798 0.0004304127552791537 0.0008932585222602024 0.001949650005795214 0.004323345373041556 0.009405957310619878 0.01942830875307246 0.03700861464778903 0.06347374274667485 0.09624890061457289 0.127443033736723 0.1463113643466364 0.1452754120013978 0.1249128531660285 0.09341004060169267 0.06116088118764631 0.03536665176664135 0.0182443537382679 0.008490000362950967 0.003606333771018057 0.001415491273027093 0.0005197429078941727 0.0001807257421781986 6.022551019352506e-05


# name: mode
# type: scalar
1.3


# name: mean
# type: scalar
1.343987588043883


# name: sd
# type: scalar
0.2769159283396045


# name: modeUniformPrior
# type: scalar
1.3


# name: meanUniformPrior
# type: scalar
1.343987588043884


# name: sdUniformPrior
# type: scalar
0.2769159283396045


# name: response
# type: matrix
# rows: 1
# columns: 32
 1 0 1 0 1 1 0 1 1 1 0 1 1 0 1 0 1 1 1 1 1 0 1 1 1 1 1 1 1 1 1 1


# name: stopCriterion
# type: sq_string
# elements: 1
# length: 6
trials


# name: stopRule
# type: scalar
32


# name: stop
# type: scalar
1


