# Created by Octave 3.6.4, Sat Mar 22 14:17:18 2014 CET <exp@Einzelzelle>
# name: PMs
# type: cell
# rows: 6
# columns: 6
# name: <cell-element>
# type: scalar struct
# ndims: 2
 1 1
# length: 33
# name: priorAlphaRange
# type: range
# base, limit, increment
0 2.5 0.1


# name: prior
# type: matrix
# rows: 1
# columns: 26
 0.03846153846153846 0.03846153846153846 0.03846153846153846 0.03846153846153846 0.03846153846153846 0.03846153846153846 0.03846153846153846 0.03846153846153846 0.03846153846153846 0.03846153846153846 0.03846153846153846 0.03846153846153846 0.03846153846153846 0.03846153846153846 0.03846153846153846 0.03846153846153846 0.03846153846153846 0.03846153846153846 0.03846153846153846 0.03846153846153846 0.03846153846153846 0.03846153846153846 0.03846153846153846 0.03846153846153846 0.03846153846153846 0.03846153846153846


# name: pdf
# type: matrix
# rows: 1
# columns: 26
 1.000926065044684e-07 3.027944542333321e-07 9.5759555527559e-07 3.166267525063823e-06 1.08627803746927e-05 3.800726855055635e-05 0.0001322044668450442 0.0004436313054090108 0.001393136596130368 0.003984015875231613 0.01014972789095433 0.0226710371336209 0.04395099987743072 0.07357255242285812 0.1062298455358297 0.1325836578836147 0.1437046688860582 0.1361677647880497 0.1137252033013142 0.08450585201474899 0.05644248794621608 0.0342535284535305 0.01909911112610452 0.009894640176822407 0.004816087523438396 0.002226449996726069


# name: mode
# type: scalar
1.6


# name: mean
# type: scalar
1.6295821586047


# name: sd
# type: scalar
0.2807143776027102


# name: modeUniformPrior
# type: scalar
1.6


# name: meanUniformPrior
# type: scalar
1.6295821586047


# name: sdUniformPrior
# type: scalar
0.2807143776027102


# name: response
# type: matrix
# rows: 1
# columns: 32
 0 0 0 1 1 0 1 1 1 1 1 1 1 1 0 1 1 1 0 0 1 0 1 1 0 1 1 0 1 1 0 0


# name: stopCriterion
# type: sq_string
# elements: 1
# length: 6
trials


# name: stopRule
# type: scalar
32


# name: stop
# type: scalar
1


# name: PF
# type: function handle
# octaveroot: /usr
# path: /home/exp/sc/palamedes1_5_0/Palamedes/PAL_Gumbel.m
PAL_Gumbel


# name: beta
# type: scalar
0.5


# name: gamma
# type: scalar
0.1666666666666667


# name: lambda
# type: scalar
0.05


# name: xMin
# type: scalar
0


# name: xMax
# type: scalar
2.5


# name: direction
# type: scalar
1


# name: reversal
# type: matrix
# rows: 1
# columns: 32
 0 0 0 1 0 2 3 0 0 0 0 0 0 0 4 5 0 0 6 0 7 8 9 0 10 11 0 12 13 0 14 0


# name: meanmode
# type: sq_string
# elements: 1
# length: 4
mean


# name: xCurrent
# type: scalar
1.6295821586047


# name: x
# type: matrix
# rows: 1
# columns: 32
 1.77635683940025e-15 1.409007421593816 1.103344692971232 1.957221322294522 2.5 1.817792592048256 2.5 2.5 1.928649637001164 1.856937042730118 1.780531942955173 1.70070832209576 1.61886915526304 1.536332859999402 0.4083002642230014 2.5 2.5 2.5 0.3943993389156719 1.496160033529165 1.618981001470452 1.562680177906415 2.5 2.5 0.7569910020984012 1.667536092203025 1.622214954066653 0.6563270476499365 1.611458449798938 0.6397713418138866 0.5473727841498031 1.552980476353385


# name: xStaircase
# type: matrix
# rows: 1
# columns: 33
 1.77635683940025e-15 1.409007421593816 1.801672346485616 1.957221322294522 1.868770847260013 1.817792592048256 2.010739221709744 1.969709050451283 1.928649637001164 1.856937042730118 1.780531942955173 1.70070832209576 1.61886915526304 1.536332859999402 1.454150132111501 1.515424666430703 1.490662413449839 1.467992304567233 1.447199669457836 1.496160033529165 1.618981001470452 1.562680177906415 1.669664914641411 1.648348312627325 1.628495501049201 1.667536092203025 1.622214954066653 1.578163523824968 1.611458449798938 1.569885670906943 1.523686392074902 1.552980476353385 1.6295821586047


# name: stimulus
# type: sq_string
# elements: 1
# length: 6
bucket


# name: thc_type
# type: matrix
# rows: 1
# columns: 32
 0 0.5 0 0.5 2 1 2 2 1 0.5 0.5 0.5 1 0.5 0 2 2 2 0 1 0.5 1 2 2 0 1 1 0 0.5 0 0 1


# name: run
# type: matrix
# rows: 1
# columns: 32
 1 1 1 1 1 1 1 1 1 1 1 1 1 1 1 1 1 1 1 1 1 1 1 1 1 1 1 1 1 1 1 1


# name: noise_variance
# type: matrix
# rows: 1
# columns: 32
 2.499999999999998 1.090992578406184 1.396655307028768 0.5427786777054782 0 0.6822074079517444 0 0 0.5713503629988363 0.6430629572698823 0.7194680570448266 0.7992916779042396 0.8811308447369597 0.9636671400005981 2.091699735776999 0 0 0 2.105600661084328 1.003839966470835 0.8810189985295476 0.937319822093585 0 0 1.743008997901599 0.8324639077969747 0.8777850459333474 1.843672952350063 0.8885415502010621 1.860228658186113 1.952627215850197 0.9470195236466146


# name: response_obj
# type: matrix
# rows: 1
# columns: 32
 0 0 0 1 1 0 1 1 1 1 1 1 1 1 0 1 1 1 0 0 1 0 1 1 0 1 1 0 1 1 0 0


# name: response_obj_rt
# type: matrix
# rows: 1
# columns: 32
 915.6520366668701 1334.235906600952 1819.549083709717 2000.865936279297 899.2969989776611 1606.060981750488 1087.430000305176 938.0760192871094 592.5099849700928 822.9808807373047 920.8137989044189 839.7970199584961 512.2599601745605 880.2509307861328 933.6960315704346 731.3268184661865 495.4180717468262 811.2220764160156 817.3229694366455 701.3969421386719 357.25998878479 552.6449680328369 340.2500152587891 437.6978874206543 489.2702102661133 536.1311435699463 736.6549968719482 403.4578800201416 419.8110103607178 593.1460857391357 414.8461818695068 284.1808795928955


# name: response_suj
# type: matrix
# rows: 1
# columns: 32
 0 0 0 1 1 0 1 1 1 1 1 1 1 1 0 1 1 1 0 0 1 0 1 1 0 1 0 0 1 0 0 0


# name: response_suj_rt
# type: matrix
# rows: 1
# columns: 32
 1011.988162994385 334.6419334411621 305.635929107666 2117.059946060181 294.111967086792 236.2580299377441 335.9019756317139 443.2361125946045 633.8748931884766 433.8359832763672 437.9959106445312 403.2061100006104 387.9117965698242 283.0910682678223 345.7911014556885 185.0268840789795 265.2690410614014 202.2500038146973 288.3129119873047 231.0769557952881 219.5470333099365 219.4328308105469 282.6449871063232 282.9689979553223 168.0068969726562 207.7929973602295 168.2372093200684 150.5618095397949 213.7429714202881 110.7010841369629 592.6010608673096 541.7370796203613




# name: <cell-element>
# type: scalar struct
# ndims: 2
 1 1
# length: 33
# name: priorAlphaRange
# type: range
# base, limit, increment
0 2.5 0.1


# name: prior
# type: matrix
# rows: 1
# columns: 26
 0.03846153846153846 0.03846153846153846 0.03846153846153846 0.03846153846153846 0.03846153846153846 0.03846153846153846 0.03846153846153846 0.03846153846153846 0.03846153846153846 0.03846153846153846 0.03846153846153846 0.03846153846153846 0.03846153846153846 0.03846153846153846 0.03846153846153846 0.03846153846153846 0.03846153846153846 0.03846153846153846 0.03846153846153846 0.03846153846153846 0.03846153846153846 0.03846153846153846 0.03846153846153846 0.03846153846153846 0.03846153846153846 0.03846153846153846


# name: pdf
# type: matrix
# rows: 1
# columns: 26
 6.286838511623897e-10 1.198312428435157e-09 2.772017196581198e-09 7.864817637539035e-09 2.711141137756693e-08 1.103884262774341e-07 5.086089940774756e-07 2.517604831228828e-06 1.267045555956e-05 6.1487388972152e-05 0.0002746263863712347 0.001087316452188448 0.003711894597290257 0.01072624270919502 0.02596218907992848 0.05241974331085569 0.08837180193074343 0.1249930951135429 0.1494771128506194 0.1526469036410597 0.1346517222234929 0.1038941000417427 0.0710473210610526 0.04364516734620103 0.0244130206124591 0.01260040862123146


# name: mode
# type: scalar
1.9


# name: mean
# type: scalar
1.882145736395967


# name: sd
# type: scalar
0.2553552007676289


# name: modeUniformPrior
# type: scalar
1.9


# name: meanUniformPrior
# type: scalar
1.882145736395967


# name: sdUniformPrior
# type: scalar
0.2553552007676289


# name: response
# type: matrix
# rows: 1
# columns: 32
 0 1 0 1 0 0 1 1 0 1 1 1 0 0 0 1 0 1 1 1 1 1 0 1 1 1 0 1 1 0 1 1


# name: stopCriterion
# type: sq_string
# elements: 1
# length: 6
trials


# name: stopRule
# type: scalar
32


