# Created by Octave 3.6.4, Mon Mar 24 17:20:09 2014 CET <exp@Einzelzelle>
# name: PMs
# type: cell
# rows: 6
# columns: 6
# name: <cell-element>
# type: scalar struct
# ndims: 2
 1 1
# length: 33
# name: priorAlphaRange
# type: range
# base, limit, increment
0 2.5 0.1


# name: prior
# type: matrix
# rows: 1
# columns: 26
 0.03846153846153846 0.03846153846153846 0.03846153846153846 0.03846153846153846 0.03846153846153846 0.03846153846153846 0.03846153846153846 0.03846153846153846 0.03846153846153846 0.03846153846153846 0.03846153846153846 0.03846153846153846 0.03846153846153846 0.03846153846153846 0.03846153846153846 0.03846153846153846 0.03846153846153846 0.03846153846153846 0.03846153846153846 0.03846153846153846 0.03846153846153846 0.03846153846153846 0.03846153846153846 0.03846153846153846 0.03846153846153846 0.03846153846153846


# name: pdf
# type: matrix
# rows: 1
# columns: 26
 2.926433350683585e-09 1.019546370867783e-08 3.892440482451237e-08 1.583619800433705e-07 6.718106840325156e-07 2.915921535866441e-06 1.267958906529061e-05 5.381764031637602e-05 0.0002162901067269471 0.0007977281003799194 0.002625041152444114 0.007536348418419824 0.01858446760572299 0.03900451035749455 0.0694128858788521 0.1048131356166055 0.1348394363363419 0.1487856274552906 0.1420467840518952 0.1185370026448655 0.08744002263228072 0.05770063513884497 0.03448339938498293 0.01889712764161561 0.009613742046758827 0.004595520060594457


# name: mode
# type: scalar
1.7


# name: mean
# type: scalar
1.738781256608383


# name: sd
# type: scalar
0.2688313400244243


# name: modeUniformPrior
# type: scalar
1.7


# name: meanUniformPrior
# type: scalar
1.738781256608383


# name: sdUniformPrior
# type: scalar
0.2688313400244242


# name: response
# type: matrix
# rows: 1
# columns: 32
 1 0 0 0 1 0 1 1 1 1 1 1 0 0 1 1 0 1 1 1 1 0 1 1 0 0 1 1 0 1 1 0


# name: stopCriterion
# type: sq_string
# elements: 1
# length: 6
trials


# name: stopRule
# type: scalar
32


# name: stop
# type: scalar
1


# name: PF
# type: function handle
# octaveroot: /usr
# path: /home/exp/sc/palamedes1_5_0/Palamedes/PAL_Gumbel.m
PAL_Gumbel


# name: beta
# type: scalar
0.5


# name: gamma
# type: scalar
0.1666666666666667


# name: lambda
# type: scalar
0.05


# name: xMin
# type: scalar
0


# name: xMax
# type: scalar
2.5


# name: direction
# type: scalar
1


# name: reversal
# type: matrix
# rows: 1
# columns: 32
 0 1 0 0 2 3 4 0 0 0 0 0 5 0 6 0 7 8 0 0 0 9 10 0 11 0 12 0 13 14 0 15


# name: meanmode
# type: sq_string
# elements: 1
# length: 4
mean


# name: xCurrent
# type: scalar
1.738781256608383


# name: x
# type: matrix
# rows: 1
# columns: 32
 2.5 1.186099546478885 0.720598124474582 1.048909862561181 1.914423176146337 1.824369567212648 1.524453035451508 2.5 2.5 1.844713517620178 1.766929809739091 1.686091540239858 1.603760091746795 1.026680543184682 2.5 1.799829486262402 1.738810618465989 2.5 2.5 1.800501660433088 2.5 0.9504337770070803 2.5 1.747595777347867 0.904295830193536 1.741787554076835 1.82550505565313 1.785323299389186 0.9918668781138531 1.781426182995869 1.744045687666122 0.9152792024617535


# name: xStaircase
# type: matrix
# rows: 1
# columns: 33
 2.5 1.186099546478885 1.610299062237291 1.774454931280591 1.914423176146337 1.824369567212648 2.012226517725754 1.928944715691656 1.886338446572704 1.844713517620178 1.766929809739091 1.686091540239858 1.603760091746795 1.763340271592341 1.832367715475492 1.799829486262402 1.738810618465989 1.857182051316627 1.828099442833555 1.800501660433088 1.749279117075404 1.72521688850354 1.770584146248805 1.747595777347867 1.702147915096768 1.741787554076835 1.82550505565313 1.785323299389186 1.745933439056927 1.781426182995869 1.744045687666122 1.707639601230877 1.738781256608383


# name: stimulus
# type: sq_string
# elements: 1
# length: 4
pear


# name: thc_type
# type: matrix
# rows: 1
# columns: 32
 2 0.5 0 0 0.5 0.5 0 2 2 0.5 0.5 0.5 0.5 0 2 1 1 2 2 1 2 0 2 1 0 1 0.5 1 0 1 1 0


# name: run
# type: matrix
# rows: 1
# columns: 32
 1 1 1 1 1 1 1 1 1 1 1 1 1 1 1 1 1 1 1 1 1 1 1 1 1 1 1 1 1 1 1 1


# name: noise_variance
# type: matrix
# rows: 1
# columns: 32
 0 1.313900453521115 1.779401875525418 1.451090137438819 0.5855768238536629 0.6756304327873517 0.9755469645484922 0 0 0.6552864823798221 0.7330701902609087 0.8139084597601418 0.8962399082532047 1.473319456815318 0 0.7001705137375982 0.7611893815340114 0 0 0.6994983395669121 0 1.54956622299292 0 0.7524042226521328 1.595704169806464 0.7582124459231645 0.6744949443468697 0.7146767006108139 1.508133121886147 0.7185738170041311 0.7559543123338781 1.584720797538246


# name: response_obj
# type: matrix
# rows: 1
# columns: 32
 1 0 0 0 1 0 1 1 1 1 1 1 0 0 1 1 0 1 1 1 1 0 1 1 0 0 1 1 0 1 1 0


# name: response_obj_rt
# type: matrix
# rows: 1
# columns: 32
 1181.417942047119 930.9518337249756 1333.540916442871 1238.601922988892 788.1650924682617 2467.203140258789 1173.987150192261 885.5597972869873 817.8980350494385 1201.478958129883 1364.27903175354 863.1608486175537 1420.335054397583 3023.623943328857 575.4749774932861 563.6041164398193 1316.514015197754 334.8069190979004 1023.987054824829 632.9450607299805 150.6149768829346 299.793004989624 541.3382053375244 725.2628803253174 2628.0198097229 3483.419895172119 403.407096862793 397.407054901123 656.3429832458496 342.6480293273926 489.4700050354004 3967.201232910156


# name: response_suj
# type: matrix
# rows: 1
# columns: 32
 1 0 0 0 1 0 1 1 1 1 1 1 1 0 1 1 0 1 1 1 1 0 1 1 0 1 1 0 0 1 1 0


# name: response_suj_rt
# type: matrix
# rows: 1
# columns: 32
 1299.134969711304 767.7199840545654 862.5719547271729 534.804105758667 925.9309768676758 622.0970153808594 506.1850547790527 787.1551513671875 345.5719947814941 334.205150604248 265.3567790985107 305.5708408355713 242.3479557037354 885.0259780883789 426.5449047088623 351.8669605255127 506.3271522521973 1642.846822738647 276.6809463500977 403.4900665283203 294.0599918365479 121.790885925293 937.7381801605225 448.7287998199463 293.9901351928711 615.0879859924316 227.6711463928223 236.591100692749 64.22615051269531 449.0571022033691 449.131965637207 844.4490432739258




# name: <cell-element>
# type: scalar struct
# ndims: 2
 1 1
# length: 33
# name: priorAlphaRange
# type: range
# base, limit, increment
0 2.5 0.1


# name: prior
# type: matrix
# rows: 1
# columns: 26
 0.03846153846153846 0.03846153846153846 0.03846153846153846 0.03846153846153846 0.03846153846153846 0.03846153846153846 0.03846153846153846 0.03846153846153846 0.03846153846153846 0.03846153846153846 0.03846153846153846 0.03846153846153846 0.03846153846153846 0.03846153846153846 0.03846153846153846 0.03846153846153846 0.03846153846153846 0.03846153846153846 0.03846153846153846 0.03846153846153846 0.03846153846153846 0.03846153846153846 0.03846153846153846 0.03846153846153846 0.03846153846153846 0.03846153846153846


# name: pdf
# type: matrix
# rows: 1
# columns: 26
 0.0003129442987772055 0.0008898572638908906 0.00234577955663023 0.005671348877952545 0.01244555735260951 0.02456369979327791 0.043300498697512 0.06788920669914396 0.0945466875012807 0.1170857368402052 0.1293006326570758 0.1278299230447053 0.1136464963012432 0.0913003882510432 0.06661854482141225 0.04438816767237266 0.02716458565466416 0.01536464217313106 0.008086582973766653 0.003989144950685222 0.00185862197925427 0.0008244188813029131 0.0003509656084875754 0.0001445632454600649 5.807484604592109e-05 2.293005806967991e-05


# name: mode
# type: scalar
1


# name: mean
# type: scalar
1.057333240445564


# name: sd
# type: scalar
0.3097129099524157


# name: modeUniformPrior
# type: scalar
1


# name: meanUniformPrior
# type: scalar
1.057333240445563


# name: sdUniformPrior
# type: scalar
0.3097129099524156


# name: response
# type: matrix
# rows: 1
# columns: 32
 0 0 1 1 1 1 0 1 1 1 1 1 1 1 1 1 1 0 0 1 1 0 0 0 1 1 0 0 1 0 1 1


# name: stopCriterion
# type: sq_string
# elements: 1
# length: 6
trials


# name: stopRule
# type: scalar
32


