# Created by Octave 3.6.4, Mon Mar 24 17:56:55 2014 CET <exp@Einzelzelle>
# name: PMs
# type: cell
# rows: 6
# columns: 6
# name: <cell-element>
# type: scalar struct
# ndims: 2
 1 1
# length: 33
# name: priorAlphaRange
# type: range
# base, limit, increment
0 2.5 0.1


# name: prior
# type: matrix
# rows: 1
# columns: 26
 0.03846153846153846 0.03846153846153846 0.03846153846153846 0.03846153846153846 0.03846153846153846 0.03846153846153846 0.03846153846153846 0.03846153846153846 0.03846153846153846 0.03846153846153846 0.03846153846153846 0.03846153846153846 0.03846153846153846 0.03846153846153846 0.03846153846153846 0.03846153846153846 0.03846153846153846 0.03846153846153846 0.03846153846153846 0.03846153846153846 0.03846153846153846 0.03846153846153846 0.03846153846153846 0.03846153846153846 0.03846153846153846 0.03846153846153846


# name: pdf
# type: matrix
# rows: 1
# columns: 26
 3.825373474195938e-09 1.243709006577954e-08 4.817911232595585e-08 2.138162482550457e-07 1.033258842713941e-06 5.144624685785217e-06 2.50314373707149e-05 0.000113671087781857 0.000464385153875075 0.001661039748530426 0.005107902073597634 0.0133612970822697 0.02959319024015055 0.05549271229342068 0.08838875923608841 0.1202711498323443 0.1408696271848818 0.143305419896375 0.1278963537650504 0.1012291634509412 0.07186844432966159 0.0463042262200974 0.02739414480827017 0.01505612986980293 0.007775699002278573 0.00381519714585899


# name: mode
# type: scalar
1.7


# name: mean
# type: scalar
1.689203880097608


# name: sd
# type: scalar
0.2774283225793004


# name: modeUniformPrior
# type: scalar
1.7


# name: meanUniformPrior
# type: scalar
1.689203880097608


# name: sdUniformPrior
# type: scalar
0.2774283225793004


# name: response
# type: matrix
# rows: 1
# columns: 32
 0 1 0 0 0 1 1 0 1 1 1 1 0 1 1 1 1 0 0 1 1 1 1 0 1 1 1 0 1 0 0 1


# name: stopCriterion
# type: sq_string
# elements: 1
# length: 6
trials


# name: stopRule
# type: scalar
32


# name: stop
# type: scalar
1


# name: PF
# type: function handle
# octaveroot: /usr
# path: /home/exp/sc/palamedes1_5_0/Palamedes/PAL_Gumbel.m
PAL_Gumbel


# name: beta
# type: scalar
0.5


# name: gamma
# type: scalar
0.1666666666666667


# name: lambda
# type: scalar
0.05


# name: xMin
# type: scalar
0


# name: xMax
# type: scalar
2.5


# name: direction
# type: scalar
-1


# name: reversal
# type: matrix
# rows: 1
# columns: 32
 0 1 2 0 0 3 0 4 5 0 0 0 6 7 0 0 0 8 0 9 0 0 0 10 11 0 0 12 13 14 0 15


# name: meanmode
# type: sq_string
# elements: 1
# length: 4
mean


# name: xCurrent
# type: scalar
1.689203880097608


# name: x
# type: matrix
# rows: 1
# columns: 32
 1.358171884912575 1.738781256608383 1.358171884912575 0.9775625132167662 0.9775625132167662 2.5 2.5 1.738781256608383 2.5 2.5 1.358171884912575 2.5 1.358171884912575 0.9775625132167662 0.9775625132167662 1.738781256608383 2.5 0.9775625132167662 1.358171884912575 2.5 1.738781256608383 1.738781256608383 1.738781256608383 0.9775625132167662 1.358171884912575 1.738781256608383 2.5 1.358171884912575 1.738781256608383 1.358171884912575 0.9775625132167662 0.9775625132167662


# name: xStaircase
# type: matrix
# rows: 1
# columns: 33
 1.358171884912575 1.715144084138883 1.56636843943012 1.841440113681289 1.949677378279201 2.0229184598218 1.981116417018753 1.939116034433626 2.060213938633292 2.024761177902285 1.989069807114281 1.916865193600249 1.880800369975211 1.959689637717464 1.893156728502279 1.82143836567128 1.756152650898502 1.726112355235293 1.785387043844741 1.86109211311492 1.832493774583092 1.778967556808195 1.727209290545005 1.677777853105537 1.725628834522789 1.672540965635367 1.628535722312449 1.611015594982687 1.676522941253711 1.637019272749913 1.69618922471484 1.732603841926375 1.689203880097608


# name: stimulus
# type: sq_string
# elements: 1
# length: 4
pear


# name: thc_type
# type: matrix
# rows: 1
# columns: 32
 0.5 1 0.5 0 0 2 2 1 2 2 0.5 2 0.5 0 0 1 2 0 0.5 2 1 1 1 0 0.5 1 2 0.5 1 0.5 0 0


# name: run
# type: matrix
# rows: 1
# columns: 32
 2 2 2 2 2 2 2 2 2 2 2 2 2 2 2 2 2 2 2 2 2 2 2 2 2 2 2 2 2 2 2 2


# name: noise_variance
# type: matrix
# rows: 1
# columns: 32
 1.141828115087425 0.7612187433916169 1.141828115087425 1.522437486783234 1.522437486783234 0 0 0.7612187433916169 0 0 1.141828115087425 0 1.141828115087425 1.522437486783234 1.522437486783234 0.7612187433916169 0 1.522437486783234 1.141828115087425 0 0.7612187433916169 0.7612187433916169 0.7612187433916169 1.522437486783234 1.141828115087425 0.7612187433916169 0 1.141828115087425 0.7612187433916169 1.141828115087425 1.522437486783234 1.522437486783234


# name: response_obj
# type: matrix
# rows: 1
# columns: 32
 0 1 0 0 0 1 1 0 1 1 1 1 0 1 1 1 1 0 0 1 1 1 1 0 1 1 1 0 1 0 0 1


# name: response_obj_rt
# type: matrix
# rows: 1
# columns: 32
 682.4841499328613 1374.925136566162 810.8799457550049 2007.184982299805 2644.819974899292 277.1718502044678 248.5311031341553 725.7339954376221 300.217866897583 518.6111927032471 437.8089904785156 317.3189163208008 3037.265777587891 283.0450534820557 2504.128932952881 254.2238235473633 1122.116088867188 901.2210369110107 1848.224878311157 334.6030712127686 358.1399917602539 622.6110458374023 329.1630744934082 380.5670738220215 1574.64599609375 259.929895401001 231.3261032104492 306.1621189117432 277.1830558776855 415.1430130004883 2642.564058303833 1174.57103729248


# name: response_suj
# type: matrix
# rows: 1
# columns: 32
 0 1 0 0 0 1 1 1 1 1 1 1 1 0 1 1 0 0 0 1 1 1 1 0 0 1 1 0 1 0 0 0


# name: response_suj_rt
# type: matrix
# rows: 1
# columns: 32
 547.321081161499 397.8550434112549 231.1000823974609 219.9039459228516 236.8099689483643 64.37802314758301 41.74399375915527 386.307954788208 524.7249603271484 133.3150863647461 128.2072067260742 105.0970554351807 87.22090721130371 311.6190433502197 127.5231838226318 116.1379814147949 679.1548728942871 535.973072052002 351.6650199890137 1434.44299697876 943.6190128326416 794.2759990692139 58.62092971801758 173.5050678253174 265.4111385345459 340.2271270751953 41.2440299987793 0.7760524749755859 98.93989562988281 306.5519332885742 133.7459087371826 0.78582763671875




# name: <cell-element>
# type: scalar struct
# ndims: 2
 1 1
# length: 33
# name: priorAlphaRange
# type: range
# base, limit, increment
0 2.5 0.1


# name: prior
# type: matrix
# rows: 1
# columns: 26
 0.03846153846153846 0.03846153846153846 0.03846153846153846 0.03846153846153846 0.03846153846153846 0.03846153846153846 0.03846153846153846 0.03846153846153846 0.03846153846153846 0.03846153846153846 0.03846153846153846 0.03846153846153846 0.03846153846153846 0.03846153846153846 0.03846153846153846 0.03846153846153846 0.03846153846153846 0.03846153846153846 0.03846153846153846 0.03846153846153846 0.03846153846153846 0.03846153846153846 0.03846153846153846 0.03846153846153846 0.03846153846153846 0.03846153846153846


# name: pdf
# type: matrix
# rows: 1
# columns: 26
 0.001227386810950725 0.003416818928694159 0.008319840854649227 0.01768985396295797 0.03288739232404925 0.05368039991031739 0.07741471604401857 0.09941028050086893 0.114639098885577 0.1197426530594839 0.1142096510581965 0.1002019755236229 0.08138686755311819 0.06153901898935706 0.04353029171076817 0.02893550190056217 0.01815367283922972 0.01079750560796218 0.006116968522514678 0.003317072356458383 0.001730819701662272 0.0008737644925551398 0.0004291481514779732 0.0002062190152698949 9.749173404647972e-05 4.558956163127708e-05


# name: mode
# type: scalar
0.9


# name: mean
# type: scalar
0.9410434525724409


# name: sd
# type: scalar
0.336687435215865


# name: modeUniformPrior
# type: scalar
0.9


# name: meanUniformPrior
# type: scalar
0.9410434525724407


# name: sdUniformPrior
# type: scalar
0.336687435215865


# name: response
# type: matrix
# rows: 1
# columns: 32
 1 1 1 0 1 0 1 1 1 0 1 0 1 0 1 0 1 1 1 1 0 0 0 0 0 1 1 1 1 0 1 1


# name: stopCriterion
# type: sq_string
# elements: 1
# length: 6
trials


# name: stopRule
# type: scalar
32


