# Created by Octave 3.6.4, Sun Mar 09 17:02:51 2014 CET <exp@Einzelzelle>
# name: PMs
# type: cell
# rows: 6
# columns: 6
# name: <cell-element>
# type: scalar struct
# ndims: 2
 1 1
# length: 33
# name: priorAlphaRange
# type: range
# base, limit, increment
0 2.5 0.1


# name: prior
# type: matrix
# rows: 1
# columns: 26
 0.03846153846153846 0.03846153846153846 0.03846153846153846 0.03846153846153846 0.03846153846153846 0.03846153846153846 0.03846153846153846 0.03846153846153846 0.03846153846153846 0.03846153846153846 0.03846153846153846 0.03846153846153846 0.03846153846153846 0.03846153846153846 0.03846153846153846 0.03846153846153846 0.03846153846153846 0.03846153846153846 0.03846153846153846 0.03846153846153846 0.03846153846153846 0.03846153846153846 0.03846153846153846 0.03846153846153846 0.03846153846153846 0.03846153846153846


# name: pdf
# type: matrix
# rows: 1
# columns: 26
 4.379785399309084e-05 5.401470344122325e-05 7.442854914298429e-05 0.0001169302713701027 0.0002107716425477799 0.0004308489645832093 0.00097004457019594 0.002306435261829862 0.005520252519434876 0.01269281441896054 0.02692841503839922 0.05107659328267208 0.08469291320688066 0.1210251376724535 0.1479204616507927 0.1543014402865243 0.1376611212196395 0.1056100363534932 0.07022975968002657 0.04088618884451968 0.02107706988259034 0.009740667993611091 0.004088289816661704 0.001579141329031151 0.0005688309933278654 0.0001935939938768253


# name: mode
# type: scalar
1.5


# name: mean
# type: scalar
1.479986181586454


# name: sd
# type: scalar
0.2647162233515102


# name: modeUniformPrior
# type: scalar
1.5


# name: meanUniformPrior
# type: scalar
1.479986181586453


# name: sdUniformPrior
# type: scalar
0.2647162233515102


# name: response
# type: matrix
# rows: 1
# columns: 32
 1 1 0 0 1 0 0 1 0 1 1 1 1 1 1 1 1 1 1 1 1 1 1 1 1 1 0 1 1 1 0 1


# name: stopCriterion
# type: sq_string
# elements: 1
# length: 6
trials


# name: stopRule
# type: scalar
32


# name: stop
# type: scalar
1


# name: PF
# type: function handle
# octaveroot: /usr
# path: /home/exp/sc/palamedes1_5_0/Palamedes/PAL_Gumbel.m
PAL_Gumbel


# name: beta
# type: scalar
0.5


# name: gamma
# type: scalar
0.1666666666666667


# name: lambda
# type: scalar
0.05


# name: xMin
# type: scalar
0


# name: xMax
# type: scalar
2.5


# name: direction
# type: scalar
-1


# name: reversal
# type: matrix
# rows: 1
# columns: 32
 0 0 1 0 2 3 0 4 5 6 0 0 0 0 0 0 0 0 0 0 0 0 0 0 0 0 7 8 0 0 9 10


# name: meanmode
# type: sq_string
# elements: 1
# length: 4
mean


# name: xCurrent
# type: scalar
1.479986181586454


# name: x
# type: matrix
# rows: 1
# columns: 32
 2.5 1.99220279609936 1.484405592198721 1.484405592198721 1.484405592198721 1.484405592198721 1.738304194149041 1.99220279609936 1.738304194149041 2.5 2.5 1.99220279609936 1.484405592198721 1.484405592198721 1.484405592198721 1.738304194149041 2.5 2.5 1.99220279609936 2.5 1.738304194149041 2.5 1.99220279609936 1.99220279609936 1.738304194149041 1.738304194149041 1.484405592198721 1.99220279609936 1.738304194149041 1.99220279609936 1.738304194149041 2.5


# name: xStaircase
# type: matrix
# rows: 1
# columns: 33
 2.5 1.186099546478885 1.06949371919735 1.562175508462463 1.846351644898266 1.725237635167516 1.907890460671078 2.0429043999322 1.984064163854349 2.083445993234868 2.050931069554919 2.018128122999925 1.966293450802989 1.901470412833557 1.83396772606058 1.765252348119545 1.703744142494203 1.677026290622241 1.652180198009518 1.608040975488179 1.587282764940316 1.539111189410171 1.521994935963912 1.487730796273863 1.455834918607608 1.417240386926816 1.380777998369986 1.476643682097054 1.45048712518373 1.418592125123165 1.395606100092594 1.489897134721986 1.479986181586454


# name: stimulus
# type: sq_string
# elements: 1
# length: 4
pear


# name: thc_type
# type: matrix
# rows: 1
# columns: 32
 2 1 0 0 0 0 0.5 1 0.5 2 2 1 0 0 0 0.5 2 2 1 2 0.5 2 1 1 0.5 0.5 0 1 0.5 1 0.5 2


# name: run
# type: matrix
# rows: 1
# columns: 32
 2 2 2 2 2 2 2 2 2 2 2 2 2 2 2 2 2 2 2 2 2 2 2 2 2 2 2 2 2 2 2 2


# name: noise_variance
# type: matrix
# rows: 1
# columns: 32
 0 0.5077972039006395 1.015594407801279 1.015594407801279 1.015594407801279 1.015594407801279 0.7616958058509593 0.5077972039006395 0.7616958058509593 0 0 0.5077972039006395 1.015594407801279 1.015594407801279 1.015594407801279 0.7616958058509593 0 0 0.5077972039006395 0 0.7616958058509593 0 0.5077972039006395 0.5077972039006395 0.7616958058509593 0.7616958058509593 1.015594407801279 0.5077972039006395 0.7616958058509593 0.5077972039006395 0.7616958058509593 0


# name: response_obj
# type: matrix
# rows: 1
# columns: 32
 1 1 0 0 1 0 0 1 0 1 1 1 1 1 1 1 1 1 1 1 1 1 1 1 1 1 0 1 1 1 0 1


# name: response_obj_rt
# type: matrix
# rows: 1
# columns: 32
 605.5488586425781 830.9850692749023 484.7731590270996 386.8420124053955 1014.793157577515 911.5610122680664 1523.591041564941 358.96897315979 865.7181262969971 375.7889270782471 323.7960338592529 389.0178203582764 335.0489139556885 456.6149711608887 173.5448837280273 306.8029880523682 312.3350143432617 24.06191825866699 490.5619621276855 288.8209819793701 317.957878112793 324.0211009979248 508.6100101470947 404.3309688568115 427.4082183837891 295.3319549560547 116.0848140716553 294.9018478393555 306.8928718566895 87.37802505493164 531.4769744873047 271.9478607177734


# name: response_suj
# type: matrix
# rows: 1
# columns: 32
 1 1 0 0 1 1 0 1 0 1 1 1 1 1 1 1 1 1 1 1 1 1 1 1 1 1 0 1 1 1 0 1


# name: response_suj_rt
# type: matrix
# rows: 1
# columns: 32
 35.552978515625 371.4630603790283 0.7841587066650391 0.7851123809814453 24.05285835266113 0.7748603820800781 974.9679565429688 266.2930488586426 294.7421073913574 288.3520126342773 398.7991809844971 427.3321628570557 312.1709823608398 456.2451839447021 472.7840423583984 323.5709667205811 478.8069725036621 289.2169952392578 283.0369472503662 294.6438789367676 271.7571258544922 243.2119846343994 237.4880313873291 548.1441020965576 420.4189777374268 289.2699241638184 179.7621250152588 352.2140979766846 288.8870239257812 248.7020492553711 18.75400543212891 283.5688591003418




# name: <cell-element>
# type: scalar struct
# ndims: 2
 1 1
# length: 33
# name: priorAlphaRange
# type: range
# base, limit, increment
0 2.5 0.1


# name: prior
# type: matrix
# rows: 1
# columns: 26
 0.03846153846153846 0.03846153846153846 0.03846153846153846 0.03846153846153846 0.03846153846153846 0.03846153846153846 0.03846153846153846 0.03846153846153846 0.03846153846153846 0.03846153846153846 0.03846153846153846 0.03846153846153846 0.03846153846153846 0.03846153846153846 0.03846153846153846 0.03846153846153846 0.03846153846153846 0.03846153846153846 0.03846153846153846 0.03846153846153846 0.03846153846153846 0.03846153846153846 0.03846153846153846 0.03846153846153846 0.03846153846153846 0.03846153846153846


# name: pdf
# type: matrix
# rows: 1
# columns: 26
 9.797937706804454e-08 6.003930825777791e-07 3.246672908506265e-06 1.527867823683963e-05 6.202359645229691e-05 0.0002165101933375523 0.0006511683350219901 0.001697669895429401 0.003872615635603233 0.007820210500375156 0.01416501390508347 0.02332866622817073 0.03537149234040481 0.0498599579825806 0.06573314395101999 0.08123186291390196 0.09407047898807923 0.1019715803446541 0.1034134734919075 0.0982021539913298 0.08753196211483395 0.07351464917247433 0.05846037062634351 0.04426433891411136 0.03210299772082086 0.02243843543445905


# name: mode
# type: scalar
1.8


# name: mean
# type: scalar
1.76241975156763


# name: sd
# type: scalar
0.3670097360915788


# name: modeUniformPrior
# type: scalar
1.8


# name: meanUniformPrior
# type: scalar
1.76241975156763


# name: sdUniformPrior
# type: scalar
0.3670097360915788


# name: response
# type: matrix
# rows: 1
# columns: 32
 0 0 1 0 1 0 1 1 1 1 1 0 0 0 1 1 1 0 0 1 0 1 1 0 1 0 0 0 0 0 0 0


# name: stopCriterion
# type: sq_string
# elements: 1
# length: 6
trials


# name: stopRule
# type: scalar
32


# name: stop
# type: scalar
1


