# Created by Octave 3.6.4, Sun Mar 09 16:29:20 2014 CET <exp@Einzelzelle>
# name: PMs
# type: cell
# rows: 6
# columns: 6
# name: <cell-element>
# type: scalar struct
# ndims: 2
 1 1
# length: 33
# name: priorAlphaRange
# type: range
# base, limit, increment
0 2.5 0.1


# name: prior
# type: matrix
# rows: 1
# columns: 26
 0.03846153846153846 0.03846153846153846 0.03846153846153846 0.03846153846153846 0.03846153846153846 0.03846153846153846 0.03846153846153846 0.03846153846153846 0.03846153846153846 0.03846153846153846 0.03846153846153846 0.03846153846153846 0.03846153846153846 0.03846153846153846 0.03846153846153846 0.03846153846153846 0.03846153846153846 0.03846153846153846 0.03846153846153846 0.03846153846153846 0.03846153846153846 0.03846153846153846 0.03846153846153846 0.03846153846153846 0.03846153846153846 0.03846153846153846


# name: pdf
# type: matrix
# rows: 1
# columns: 26
 1.200584712113029e-09 2.373043375391982e-09 5.052535359925955e-09 1.187277831868776e-08 3.140457208830789e-08 9.458074052664802e-08 3.240880622602256e-07 1.24314473738967e-06 5.167624384973303e-06 2.225426300096162e-05 9.439994196515314e-05 0.0003758952998646449 0.00134971241040344 0.004241649086390395 0.01144074719844945 0.02620392096201803 0.05078229891693649 0.08341970330549452 0.1168218093956123 0.1406653205666473 0.1471649285758166 0.1353519383641319 0.1108079340558824 0.08178354249476728 0.05511836955647931 0.0343486942647007


# name: mode
# type: scalar
2


# name: mean
# type: scalar
1.99220279609936


# name: sd
# type: scalar
0.2573953172902139


# name: modeUniformPrior
# type: scalar
2


# name: meanUniformPrior
# type: scalar
1.99220279609936


# name: sdUniformPrior
# type: scalar
0.2573953172902138


# name: response
# type: matrix
# rows: 1
# columns: 32
 0 1 0 0 1 1 0 0 1 1 1 0 0 1 0 0 1 1 1 1 1 0 1 0 1 1 0 0 1 1 1 0


# name: stopCriterion
# type: sq_string
# elements: 1
# length: 6
trials


# name: stopRule
# type: scalar
32


# name: stop
# type: scalar
1


# name: PF
# type: function handle
# octaveroot: /usr
# path: /home/exp/sc/palamedes1_5_0/Palamedes/PAL_Gumbel.m
PAL_Gumbel


# name: beta
# type: scalar
0.5


# name: gamma
# type: scalar
0.1666666666666667


# name: lambda
# type: scalar
0.05


# name: xMin
# type: scalar
0


# name: xMax
# type: scalar
2.5


# name: direction
# type: scalar
1


# name: reversal
# type: matrix
# rows: 1
# columns: 32
 0 1 2 0 3 0 4 0 5 0 0 6 0 7 8 0 9 0 0 0 0 10 11 12 13 0 14 0 15 0 0 16


# name: meanmode
# type: sq_string
# elements: 1
# length: 4
mean


# name: xCurrent
# type: scalar
1.99220279609936


# name: x
# type: matrix
# rows: 1
# columns: 32
 1.77635683940025e-15 1.409007421593816 0 0.1787481077938224 2.5 2.5 0.2432665028668874 1.490976300175153 1.025572932651874 2.5 2.5 1.541820147536855 1.750431275147943 1.913687093070594 1.196683597120991 1.923571038325807 1.577261319896988 2.5 1.95005818967605 1.898858212829955 1.846463598752287 1.793560851227302 2.5 1.869512343485962 2.5 1.934095570827412 1.893278794210491 1.44597591926463 2.5 1.993965564247293 1.959511571120361 1.924946873671856


# name: xStaircase
# type: matrix
# rows: 1
# columns: 33
 1.77635683940025e-15 1.409007421593816 1.198724198176423 1.339374053896911 1.4807878807043 1.423494034830717 1.371633251433444 1.490976300175153 1.762786466325937 1.628765033205619 1.583505241156707 1.541820147536855 1.750431275147943 1.913687093070594 1.848341798560495 1.923571038325807 2.038630659948494 1.981669398332658 1.95005818967605 1.898858212829955 1.846463598752287 1.793560851227302 1.896452656150952 1.869512343485962 1.959608056384345 1.934095570827412 1.893278794210491 1.972987959632315 2.016926164829954 1.993965564247293 1.959511571120361 1.924946873671856 1.99220279609936


# name: stimulus
# type: sq_string
# elements: 1
# length: 4
pear


# name: thc_type
# type: matrix
# rows: 1
# columns: 32
 0 0.5 0 0 2 2 0 1 0 2 2 1 1 0.5 0 0.5 0 2 1 1 0.5 0.5 2 1 2 1 0.5 0 2 0.5 0.5 1


# name: run
# type: matrix
# rows: 1
# columns: 32
 1 1 1 1 1 1 1 1 1 1 1 1 1 1 1 1 1 1 1 1 1 1 1 1 1 1 1 1 1 1 1 1


# name: noise_variance
# type: matrix
# rows: 1
# columns: 32
 2.499999999999998 1.090992578406184 2.5 2.321251892206178 0 0 2.256733497133113 1.009023699824847 1.474427067348126 0 0 0.9581798524631446 0.7495687248520566 0.5863129069294062 1.303316402879009 0.5764289616741927 0.922738680103012 0 0.5499418103239502 0.6011417871700453 0.6535364012477127 0.706439148772698 0 0.6304876565140383 0 0.5659044291725879 0.6067212057895088 1.05402408073537 0 0.5060344357527071 0.5404884288796394 0.575053126328144


# name: response_obj
# type: matrix
# rows: 1
# columns: 32
 0 1 0 0 1 1 0 0 1 1 1 0 0 1 0 0 1 1 1 1 1 0 1 0 1 1 0 0 1 1 1 0


# name: response_obj_rt
# type: matrix
# rows: 1
# columns: 32
 1817.920923233032 3687.291860580444 1307.152032852173 1864.882946014404 1743.94702911377 495.9070682525635 538.9459133148193 1888.18097114563 921.475887298584 1455.809116363525 443.9470767974854 467.4139022827148 1396.389961242676 962.3908996582031 1053.407907485962 345.9510803222656 990.9350872039795 398.2019424438477 931.527853012085 824.6669769287109 530.0920009613037 561.7620944976807 726.6180515289307 1917.853116989136 835.731029510498 314.6591186523438 530.1158428192139 619.4279193878174 611.1509799957275 727.4088859558105 271.34108543396 628.715991973877


# name: response_suj
# type: matrix
# rows: 1
# columns: 32
 0 0 0 0 1 1 0 0 0 1 1 0 0 1 0 0 0 1 0 1 0 0 1 0 1 1 0 0 1 1 1 1


# name: response_suj_rt
# type: matrix
# rows: 1
# columns: 32
 0.84686279296875 409.5730781555176 271.3930606842041 0.8089542388916016 498.5871315002441 513.0279064178467 415.9128665924072 349.937915802002 237.1060848236084 467.0951366424561 317.2941207885742 0.8378028869628906 0.7898807525634766 432.3229789733887 0.8060932159423828 52.7961254119873 317.7609443664551 319.875955581665 0.7870197296142578 254.8568248748779 52.82115936279297 226.2208461761475 357.4800491333008 0.7810592651367188 374.6449947357178 392.0979499816895 0.7898807525634766 0.8289813995361328 340.2328491210938 254.1768550872803 277.5249481201172 324.0830898284912




# name: <cell-element>
# type: scalar struct
# ndims: 2
 1 1
# length: 33
# name: priorAlphaRange
# type: range
# base, limit, increment
0 2.5 0.1


# name: prior
# type: matrix
# rows: 1
# columns: 26
 0.03846153846153846 0.03846153846153846 0.03846153846153846 0.03846153846153846 0.03846153846153846 0.03846153846153846 0.03846153846153846 0.03846153846153846 0.03846153846153846 0.03846153846153846 0.03846153846153846 0.03846153846153846 0.03846153846153846 0.03846153846153846 0.03846153846153846 0.03846153846153846 0.03846153846153846 0.03846153846153846 0.03846153846153846 0.03846153846153846 0.03846153846153846 0.03846153846153846 0.03846153846153846 0.03846153846153846 0.03846153846153846 0.03846153846153846


# name: pdf
# type: matrix
# rows: 1
# columns: 26
 0.0009409935044604024 0.001807968882892648 0.003549964477646848 0.006978316834175642 0.01340581034528452 0.0245556441461699 0.04193189660838897 0.06552790487133818 0.09244454183884362 0.1167109957897009 0.1312631237403396 0.1313457760987922 0.1170602695075827 0.0931853231225525 0.06652985815361488 0.04282148632464235 0.02499948280644471 0.01333025380797263 0.00654221254550223 0.002979936317667132 0.001270915756125399 0.0005121867212299005 0.0001968722511445076 7.284908361254498e-05 2.618874770949059e-05 9.227716165634349e-06


# name: mode
# type: scalar
1.1


# name: mean
# type: scalar
1.049781867227413


# name: sd
# type: scalar
0.3070660188246539


# name: modeUniformPrior
# type: scalar
1.1


# name: meanUniformPrior
# type: scalar
1.049781867227413


# name: sdUniformPrior
# type: scalar
0.3070660188246538


# name: response
# type: matrix
# rows: 1
# columns: 32
 0 1 1 1 0 1 0 0 1 1 1 0 1 1 1 1 1 1 1 1 1 1 1 1 1 0 0 1 1 1 1 0


# name: stopCriterion
# type: sq_string
# elements: 1
# length: 6
trials


# name: stopRule
# type: scalar
32


# name: stop
# type: scalar
1


