# Created by Octave 3.8.1, Wed Mar 19 17:18:57 2014 UTC <exp@verleihnix>
# name: PMs
# type: cell
# rows: 6
# columns: 6
# name: <cell-element>
# type: scalar struct
# ndims: 2
 1 1
# length: 33
# name: priorAlphaRange
# type: range
# base, limit, increment
0 2.5 0.1


# name: prior
# type: matrix
# rows: 1
# columns: 26
 0.03846153846153846 0.03846153846153846 0.03846153846153846 0.03846153846153846 0.03846153846153846 0.03846153846153846 0.03846153846153846 0.03846153846153846 0.03846153846153846 0.03846153846153846 0.03846153846153846 0.03846153846153846 0.03846153846153846 0.03846153846153846 0.03846153846153846 0.03846153846153846 0.03846153846153846 0.03846153846153846 0.03846153846153846 0.03846153846153846 0.03846153846153846 0.03846153846153846 0.03846153846153846 0.03846153846153846 0.03846153846153846 0.03846153846153846


# name: pdf
# type: matrix
# rows: 1
# columns: 26
 9.440985874217285e-09 1.815157700966338e-08 4.01043293579502e-08 1.022564646635648e-07 2.993028792679983e-07 9.901645653787296e-07 3.609830998785791e-06 1.401921116435693e-05 5.57091760865483e-05 0.000216943583753678 0.0007938973572267076 0.002630846129770911 0.007663784337526765 0.01920828659323337 0.04086477350652287 0.0733054423587074 0.1107671586846195 0.1414679199114449 0.1537542586939222 0.1435336431118847 0.1163716362973196 0.08295435252349138 0.05267199149124297 0.03019066083404948 0.01583230230782421 0.007697304638408112


# name: mode
# type: scalar
1.8


# name: mean
# type: scalar
1.821976046086769


# name: sd
# type: scalar
0.2590663461064304


# name: modeUniformPrior
# type: scalar
1.8


# name: meanUniformPrior
# type: scalar
1.821976046086769


# name: sdUniformPrior
# type: scalar
0.2590663461064305


# name: response
# type: matrix
# rows: 1
# columns: 32
 0 1 0 0 0 1 1 1 1 1 1 1 1 0 0 0 1 0 0 1 1 1 0 1 1 1 1 1 1 1 1 0


# name: stopCriterion
# type: sq_string
# elements: 1
# length: 6
trials


# name: stopRule
# type: scalar
32


# name: stop
# type: scalar
1


# name: PF
# type: function handle
# octaveroot: /usr
# path: /home/exp/sc/palamedes1_5_0/Palamedes/PAL_Gumbel.m
PAL_Gumbel


# name: beta
# type: scalar
0.5


# name: gamma
# type: scalar
0.1666666666666667


# name: lambda
# type: scalar
0.05


# name: xMin
# type: scalar
0


# name: xMax
# type: scalar
2.5


# name: direction
# type: scalar
1


# name: reversal
# type: matrix
# rows: 1
# columns: 32
 0 1 2 0 0 3 0 0 0 0 0 0 0 4 0 0 5 6 0 7 0 0 8 9 0 0 0 0 0 0 0 10


# name: meanmode
# type: sq_string
# elements: 1
# length: 4
mean


# name: xCurrent
# type: scalar
1.821976046086769


# name: x
# type: matrix
# rows: 1
# columns: 32
 1.250000000000001 2.5 0.7519285228861587 1.790377819063104 2.013625558755959 2.5 2.118812736124161 2.0701041646443 2.01601331992238 2.5 2.5 1.882138842890359 1.815983908941024 0.9939921181202416 1.819438499192656 1.380154443901414 2.5 1.443478309318879 1.553802882332795 2.078922041841389 2.042552406035069 2.004862906769293 1.432433086168777 1.525170865230935 1.969689372762861 2.5 1.319259388693304 2.5 2.5 1.825800480690823 1.790595157112075 1.75611563124677


# name: xStaircase
# type: matrix
# rows: 1
# columns: 33
 1.250000000000001 1.690097790025086 1.625964261443079 1.790377819063104 2.013625558755959 2.151311321290513 2.118812736124161 2.0701041646443 2.01601331992238 1.956695112281837 1.919046106898273 1.882138842890359 1.815983908941024 1.746996059060121 1.819438499192656 1.940077221950707 2.0006857675817 1.971739154659439 2.026901441166398 2.078922041841389 2.042552406035069 2.004862906769293 1.966216543084388 2.012585432615468 1.969689372762861 1.932309723045147 1.909629694346652 1.866271435884706 1.845523214774583 1.825800480690823 1.790595157112075 1.75611563124677 1.821976046086769


# name: stimulus
# type: sq_string
# elements: 1
# length: 9
briefcase


# name: thc_type
# type: matrix
# rows: 1
# columns: 32
 0.5 2 0 1 1 2 0.5 0.5 1 2 2 0.5 0.5 0 1 0 2 0 0 0.5 1 1 0 0 0.5 2 0 2 2 1 1 0.5


# name: run
# type: matrix
# rows: 1
# columns: 32
 1 1 1 1 1 1 1 1 1 1 1 1 1 1 1 1 1 1 1 1 1 1 1 1 1 1 1 1 1 1 1 1


# name: noise_variance
# type: matrix
# rows: 1
# columns: 32
 1.249999999999999 0 1.748071477113841 0.7096221809368963 0.4863744412440414 0 0.3811872638758387 0.4298958353557003 0.4839866800776198 0 0 0.6178611571096406 0.6840160910589759 1.506007881879758 0.6805615008073436 1.119845556098586 0 1.056521690681121 0.9461971176672046 0.4210779581586106 0.4574475939649312 0.4951370932307073 1.067566913831223 0.974829134769065 0.5303106272371387 0 1.180740611306696 0 0 0.674199519309177 0.7094048428879252 0.7438843687532299


# name: response_obj
# type: matrix
# rows: 1
# columns: 32
 0 1 0 0 0 1 1 1 1 1 1 1 1 0 0 0 1 0 0 1 1 1 0 1 1 1 1 1 1 1 1 0


# name: response_obj_rt
# type: matrix
# rows: 1
# columns: 32
 1337.13698387146 1223.721981048584 1802.82998085022 1925.796031951904 2147.380113601685 1384.826898574829 1270.72811126709 1158.466815948486 1423.431158065796 1304.847002029419 1085.465908050537 877.2869110107422 1137.227058410645 954.7848701477051 1941.417932510376 1085.096836090088 1083.121061325073 758.1789493560791 903.0330181121826 1023.165941238403 1109.832048416138 1116.400003433228 1031.384944915771 1374.767065048218 1050.300121307373 675.9371757507324 1317.403078079224 1217.005968093872 949.6588706970215 1458.492040634155 878.8690567016602 1300.952911376953


# name: response_suj
# type: matrix
# rows: 1
# columns: 32
 0 1 0 0 0 1 1 1 1 1 1 1 1 0 0 0 1 0 0 1 1 1 0 1 1 0 1 1 1 1 1 0


# name: response_suj_rt
# type: matrix
# rows: 1
# columns: 32
 1089.193105697632 493.0789470672607 470.8809852600098 881.4828395843506 788.038969039917 639.8599147796631 1178.980112075806 805.7599067687988 448.1329917907715 746.7610836029053 533.001184463501 382.3919296264648 538.4960174560547 730.2858829498291 614.8321628570557 409.6770286560059 542.9511070251465 946.1021423339844 705.686092376709 406.8219661712646 359.6639633178711 378.4489631652832 431.4119815826416 287.5950336456299 527.6298522949219 408.5860252380371 550.429105758667 652.1518230438232 383.2709789276123 590.8279418945312 277.7559757232666 322.5679397583008




# name: <cell-element>
# type: scalar struct
# ndims: 2
 1 1
# length: 33
# name: priorAlphaRange
# type: range
# base, limit, increment
0 2.5 0.1


# name: prior
# type: matrix
# rows: 1
# columns: 26
 0.03846153846153846 0.03846153846153846 0.03846153846153846 0.03846153846153846 0.03846153846153846 0.03846153846153846 0.03846153846153846 0.03846153846153846 0.03846153846153846 0.03846153846153846 0.03846153846153846 0.03846153846153846 0.03846153846153846 0.03846153846153846 0.03846153846153846 0.03846153846153846 0.03846153846153846 0.03846153846153846 0.03846153846153846 0.03846153846153846 0.03846153846153846 0.03846153846153846 0.03846153846153846 0.03846153846153846 0.03846153846153846 0.03846153846153846


# name: pdf
# type: matrix
# rows: 1
# columns: 26
 6.464659438168261e-09 1.254848189482899e-08 2.645101272299793e-08 5.995484262171007e-08 1.449182103182996e-07 3.722181761969114e-07 1.017799766651788e-06 2.975509313114983e-06 9.305750303192746e-06 3.084365716940878e-05 0.0001059190763650811 0.0003640943769808972 0.001202699066770691 0.003666554021516811 0.009966218693527467 0.02353969962733419 0.04752696169270357 0.08136805444867175 0.1179809507079039 0.145460647890269 0.1536841048055647 0.1405959887837516 0.1127271793784829 0.0802573178518471 0.05143256262316277 0.03007628168321208


# name: mode
# type: scalar
2


# name: mean
# type: scalar
1.992966643436376


# name: sd
# type: scalar
0.2498750138176574


# name: modeUniformPrior
# type: scalar
2


# name: meanUniformPrior
# type: scalar
1.992966643436376


# name: sdUniformPrior
# type: scalar
0.2498750138176575


# name: response
# type: matrix
# rows: 1
# columns: 32
 1 1 0 0 0 0 0 1 1 1 0 0 0 0 1 0 1 1 0 1 1 1 1 1 1 1 0 1 1 1 1 1


# name: stopCriterion
# type: sq_string
# elements: 1
# length: 6
trials


# name: stopRule
# type: scalar
32


