# Created by Octave 3.8.1, Wed Mar 19 17:56:04 2014 UTC <exp@verleihnix>
# name: PMs
# type: cell
# rows: 6
# columns: 6
# name: <cell-element>
# type: scalar struct
# ndims: 2
 1 1
# length: 33
# name: priorAlphaRange
# type: range
# base, limit, increment
0 2.5 0.1


# name: prior
# type: matrix
# rows: 1
# columns: 26
 0.03846153846153846 0.03846153846153846 0.03846153846153846 0.03846153846153846 0.03846153846153846 0.03846153846153846 0.03846153846153846 0.03846153846153846 0.03846153846153846 0.03846153846153846 0.03846153846153846 0.03846153846153846 0.03846153846153846 0.03846153846153846 0.03846153846153846 0.03846153846153846 0.03846153846153846 0.03846153846153846 0.03846153846153846 0.03846153846153846 0.03846153846153846 0.03846153846153846 0.03846153846153846 0.03846153846153846 0.03846153846153846 0.03846153846153846


# name: pdf
# type: matrix
# rows: 1
# columns: 26
 4.789152456836892e-12 1.543214504147213e-11 6.439362013352926e-11 3.374535919197158e-10 2.11280684431945e-09 1.484288971111704e-08 1.093810060119035e-07 7.930325364365705e-07 5.351713859705232e-06 3.216507539295166e-05 0.0001666868714170767 0.000728866288925522 0.002655514301094326 0.008017131229893004 0.02005452322528344 0.04172666506597477 0.07270787056805661 0.1070554369617046 0.1346073761778882 0.1462232156559015 0.1389392548200053 0.1169640307908656 0.08837411701638435 0.06070753166123024 0.03839695252196127 0.02263639026285415


# name: mode
# type: scalar
1.9


# name: mean
# type: scalar
1.930018755614061


# name: sd
# type: scalar
0.2631972674553764


# name: modeUniformPrior
# type: scalar
1.9


# name: meanUniformPrior
# type: scalar
1.93001875561406


# name: sdUniformPrior
# type: scalar
0.2631972674553764


# name: response
# type: matrix
# rows: 1
# columns: 32
 1 1 1 0 1 1 1 0 1 1 0 0 0 0 1 0 0 0 0 0 0 0 1 1 1 1 1 0 1 1 1 1


# name: stopCriterion
# type: sq_string
# elements: 1
# length: 6
trials


# name: stopRule
# type: scalar
32


# name: stop
# type: scalar
1


# name: PF
# type: function handle
# octaveroot: /usr
# path: /home/exp/sc/palamedes1_5_0/Palamedes/PAL_Gumbel.m
PAL_Gumbel


# name: beta
# type: scalar
0.5


# name: gamma
# type: scalar
0.1666666666666667


# name: lambda
# type: scalar
0.05


# name: xMin
# type: scalar
0


# name: xMax
# type: scalar
2.5


# name: direction
# type: scalar
-1


# name: reversal
# type: matrix
# rows: 1
# columns: 32
 0 0 0 1 2 0 0 3 4 0 5 0 0 0 6 7 0 0 0 0 0 0 8 0 0 0 0 9 10 0 0 0


# name: meanmode
# type: sq_string
# elements: 1
# length: 4
mean


# name: xCurrent
# type: scalar
1.930018755614061


# name: x
# type: matrix
# rows: 1
# columns: 32
 2.5 1.821976046086769 2.5 1.482964069130153 2.5 1.482964069130153 1.821976046086769 1.482964069130153 2.5 1.821976046086769 1.482964069130153 1.482964069130153 1.821976046086769 1.143952092173538 1.821976046086769 1.143952092173538 1.143952092173538 1.482964069130153 1.143952092173538 1.482964069130153 1.143952092173538 1.143952092173538 2.5 2.5 2.5 1.143952092173538 1.482964069130153 1.143952092173538 1.821976046086769 2.5 1.821976046086769 1.821976046086769


# name: xStaircase
# type: matrix
# rows: 1
# columns: 33
 2.5 1.186099546478885 1.046349054339741 1.003140536639351 1.48636417299171 1.434696831717999 1.283789071623204 1.182064493726916 1.519503856662849 1.481637668954576 1.396660531247931 1.615900205143941 1.762398661856019 1.902648077976423 1.958495252241701 1.903206845715658 1.954428097876086 1.998878413476693 2.053808094667898 2.086701944575279 2.128274625820123 2.153447980047099 2.176166787083257 2.15416066191157 2.131769124122809 2.109155915443882 2.072323451191292 2.032816531160768 2.060817552789459 2.024456973184 2.001986812845188 1.965824668076054 1.930018755614061


# name: stimulus
# type: sq_string
# elements: 1
# length: 9
briefcase


# name: thc_type
# type: matrix
# rows: 1
# columns: 32
 2 1 2 0.5 2 0.5 1 0.5 2 1 0.5 0.5 1 0 1 0 0 0.5 0 0.5 0 0 2 2 2 0 0.5 0 1 2 1 1


# name: run
# type: matrix
# rows: 1
# columns: 32
 2 2 2 2 2 2 2 2 2 2 2 2 2 2 2 2 2 2 2 2 2 2 2 2 2 2 2 2 2 2 2 2


# name: noise_variance
# type: matrix
# rows: 1
# columns: 32
 0 0.6780239539132311 0 1.017035930869847 0 1.017035930869847 0.6780239539132311 1.017035930869847 0 0.6780239539132311 1.017035930869847 1.017035930869847 0.6780239539132311 1.356047907826462 0.6780239539132311 1.356047907826462 1.356047907826462 1.017035930869847 1.356047907826462 1.017035930869847 1.356047907826462 1.356047907826462 0 0 0 1.356047907826462 1.017035930869847 1.356047907826462 0.6780239539132311 0 0.6780239539132311 0.6780239539132311


# name: response_obj
# type: matrix
# rows: 1
# columns: 32
 1 1 1 0 1 1 1 0 1 1 0 0 0 0 1 0 0 0 0 0 0 0 1 1 1 1 1 0 1 1 1 1


# name: response_obj_rt
# type: matrix
# rows: 1
# columns: 32
 580.1808834075928 392.4441337585449 432.7340126037598 1656.883001327515 294.9941158294678 873.2428550720215 934.7529411315918 507.9190731048584 425.602912902832 323.7049579620361 1033.684015274048 1090.275049209595 821.5961456298828 494.2679405212402 474.186897277832 965.1558399200439 707.2329521179199 976.0048389434814 458.0819606781006 814.6610260009766 975.1770496368408 0.6840229034423828 346.5352058410645 366.4431571960449 388.5431289672852 261.9118690490723 264.625072479248 1252.805948257446 295.7861423492432 329.7629356384277 554.5470714569092 374.9220371246338


# name: response_suj
# type: matrix
# rows: 1
# columns: 32
 1 1 1 0 1 0 1 0 1 1 1 0 0 0 0 1 0 0 0 0 0 0 1 1 1 1 1 0 1 1 1 1


# name: response_suj_rt
# type: matrix
# rows: 1
# columns: 32
 738.8019561767578 272.2809314727783 346.7481136322021 851.3979911804199 214.6501541137695 456.712007522583 493.973970413208 421.3759899139404 334.9499702453613 306.2310218811035 559.2739582061768 403.8960933685303 551.8720149993896 604.0449142456055 626.1160373687744 549.7591495513916 352.6968955993652 1362.197160720825 569.6570873260498 670.3059673309326 704.0228843688965 668.0028438568115 352.3728847503662 362.8659248352051 318.2861804962158 293.8590049743652 306.1449527740479 448.3580589294434 476.963996887207 392.0450210571289 455.0471305847168 485.8388900756836




# name: <cell-element>
# type: scalar struct
# ndims: 2
 1 1
# length: 33
# name: priorAlphaRange
# type: range
# base, limit, increment
0 2.5 0.1


# name: prior
# type: matrix
# rows: 1
# columns: 26
 0.03846153846153846 0.03846153846153846 0.03846153846153846 0.03846153846153846 0.03846153846153846 0.03846153846153846 0.03846153846153846 0.03846153846153846 0.03846153846153846 0.03846153846153846 0.03846153846153846 0.03846153846153846 0.03846153846153846 0.03846153846153846 0.03846153846153846 0.03846153846153846 0.03846153846153846 0.03846153846153846 0.03846153846153846 0.03846153846153846 0.03846153846153846 0.03846153846153846 0.03846153846153846 0.03846153846153846 0.03846153846153846 0.03846153846153846


# name: pdf
# type: matrix
# rows: 1
# columns: 26
 2.998143123213846e-11 4.398975939791312e-11 7.934550310097724e-11 1.835516900104153e-10 5.558129315129189e-10 2.184282352258389e-09 1.073133628802204e-08 6.209403770451878e-08 3.938646320404947e-07 2.54535968386468e-06 1.56831679601234e-05 8.723714113408171e-05 0.000420474188014328 0.001707610512338191 0.005746037771544204 0.01589715227116377 0.03613217341986476 0.0677619705303897 0.1057094856796567 0.1386577017065007 0.1548532504767828 0.1492724591525509 0.1259882392656587 0.09446669695992553 0.06384107773530152 0.0394397348945601


# name: mode
# type: scalar
2


# name: mean
# type: scalar
2.030906598418126


# name: sd
# type: scalar
0.2426665340314539


# name: modeUniformPrior
# type: scalar
2


# name: meanUniformPrior
# type: scalar
2.030906598418126


# name: sdUniformPrior
# type: scalar
0.2426665340314539


# name: response
# type: matrix
# rows: 1
# columns: 32
 1 1 0 1 0 1 0 0 1 0 1 0 1 0 1 1 1 1 1 1 0 0 1 1 0 1 0 1 1 0 0 1


# name: stopCriterion
# type: sq_string
# elements: 1
# length: 6
trials


# name: stopRule
# type: scalar
32


