# Created by Octave 3.6.4, Sat Mar 22 12:56:10 2014 CET <exp@Einzelzelle>
# name: PMs
# type: cell
# rows: 6
# columns: 6
# name: <cell-element>
# type: scalar struct
# ndims: 2
 1 1
# length: 33
# name: priorAlphaRange
# type: range
# base, limit, increment
0 2.5 0.1


# name: prior
# type: matrix
# rows: 1
# columns: 26
 0.03846153846153846 0.03846153846153846 0.03846153846153846 0.03846153846153846 0.03846153846153846 0.03846153846153846 0.03846153846153846 0.03846153846153846 0.03846153846153846 0.03846153846153846 0.03846153846153846 0.03846153846153846 0.03846153846153846 0.03846153846153846 0.03846153846153846 0.03846153846153846 0.03846153846153846 0.03846153846153846 0.03846153846153846 0.03846153846153846 0.03846153846153846 0.03846153846153846 0.03846153846153846 0.03846153846153846 0.03846153846153846 0.03846153846153846


# name: pdf
# type: matrix
# rows: 1
# columns: 26
 4.202561307508208e-10 5.805487096502328e-10 9.34438744693942e-10 1.809126056986367e-09 4.306405824780982e-09 1.26891051247945e-08 4.574415059808345e-08 1.956308894182209e-07 9.464718958825451e-07 4.885211527395262e-06 2.527693085804574e-05 0.0001236649859444902 0.000544604467197589 0.002079622079046042 0.006712370919987607 0.01803985836079931 0.04010932653134062 0.0737860635977142 0.1128825522800427 0.1448653092940447 0.1577023040132809 0.1475113745081338 0.1202127117376336 0.08658947559556218 0.05593506675954277 0.03287432414052752


# name: mode
# type: scalar
2


# name: mean
# type: scalar
2.013256913508247


# name: sd
# type: scalar
0.2419059433095897


# name: modeUniformPrior
# type: scalar
2


# name: meanUniformPrior
# type: scalar
2.013256913508247


# name: sdUniformPrior
# type: scalar
0.2419059433095897


# name: response
# type: matrix
# rows: 1
# columns: 32
 0 0 0 0 1 1 1 0 1 1 1 1 1 0 1 1 1 1 1 0 0 0 1 1 0 1 0 1 0 1 1 1


# name: stopCriterion
# type: sq_string
# elements: 1
# length: 6
trials


# name: stopRule
# type: scalar
32


# name: stop
# type: scalar
1


# name: PF
# type: function handle
# octaveroot: /usr
# path: /home/exp/sc/palamedes1_5_0/Palamedes/PAL_Gumbel.m
PAL_Gumbel


# name: beta
# type: scalar
0.5


# name: gamma
# type: scalar
0.1666666666666667


# name: lambda
# type: scalar
0.05


# name: xMin
# type: scalar
0


# name: xMax
# type: scalar
2.5


# name: direction
# type: scalar
-1


# name: reversal
# type: matrix
# rows: 1
# columns: 32
 0 0 0 0 1 0 0 2 3 0 0 0 0 4 5 0 0 0 0 6 0 0 7 0 8 9 10 11 12 13 0 0


# name: meanmode
# type: sq_string
# elements: 1
# length: 4
mean


# name: xCurrent
# type: scalar
2.013256913508247


# name: x
# type: matrix
# rows: 1
# columns: 32
 1.250000000000001 1.690097790025086 1.978764206990401 1.784554999183361 2.217685395995706 2.5 2.153680663893145 1.722950318610627 2.178536036724775 1.784989197305455 2.5 2.064894109841717 2.5 1.475850073462515 2.04946782208944 2.006715332116072 1.962111327052834 1.332279606363858 1.859955562364582 1.811676352702409 1.905605967450173 1.479599928824483 2.5 2.5 1.478219148487438 2.031628380601336 1.998623150897371 2.5 1.585269475377034 2.080873846794198 2.5 2.5


# name: xStaircase
# type: matrix
# rows: 1
# columns: 33
 1.250000000000001 1.690097790025086 1.978764206990401 2.14227749959168 2.217685395995706 2.182910310743643 2.153680663893145 2.111475159305313 2.178536036724775 2.142494598652728 2.095419740599401 2.064894109841717 2.019184685330648 1.987925036731258 2.04946782208944 2.006715332116072 1.962111327052834 1.916139803181929 1.859955562364582 1.811676352702409 1.905605967450173 1.989799964412242 2.036411726752218 2.012507856950061 1.989109574243719 2.031628380601336 1.998623150897371 2.063746973777258 2.042634737688517 2.080873846794198 2.052595585187954 2.032703246977297 2.013256913508247


# name: stimulus
# type: sq_string
# elements: 1
# length: 6
bucket


# name: thc_type
# type: matrix
# rows: 1
# columns: 32
 1 0.5 0.5 0 1 2 1 0 1 0 2 0.5 2 0 1 1 1 0 0.5 0.5 0.5 0 2 2 0 0.5 0.5 2 0 1 2 2


# name: run
# type: matrix
# rows: 1
# columns: 32
 1 1 1 1 1 1 1 1 1 1 1 1 1 1 1 1 1 1 1 1 1 1 1 1 1 1 1 1 1 1 1 1


# name: noise_variance
# type: matrix
# rows: 1
# columns: 32
 1.249999999999999 0.8099022099749138 0.5212357930095994 0.7154450008166391 0.2823146040042941 0 0.3463193361068546 0.7770496813893732 0.3214639632752245 0.715010802694545 0 0.4351058901582827 0 1.024149926537485 0.45053217791056 0.4932846678839282 0.5378886729471661 1.167720393636142 0.6400444376354177 0.6883236472975907 0.5943940325498271 1.020400071175517 0 0 1.021780851512562 0.4683716193986642 0.5013768491026287 0 0.914730524622966 0.4191261532058022 0 0


# name: response_obj
# type: matrix
# rows: 1
# columns: 32
 0 0 0 0 1 1 1 0 1 1 1 1 1 0 1 1 1 1 1 0 0 0 1 1 0 1 0 1 0 1 1 1


# name: response_obj_rt
# type: matrix
# rows: 1
# columns: 32
 4022.226095199585 2803.503036499023 1716.093063354492 1365.609884262085 768.4230804443359 1571.566104888916 1563.58790397644 1019.59490776062 1572.979927062988 599.9860763549805 1118.011236190796 685.9948635101318 363.9068603515625 2466.084003448486 253.8690567016602 599.7738838195801 380.7799816131592 225.2349853515625 415.1918888092041 328.8309574127197 271.6038227081299 381.4771175384521 300.1899719238281 294.4810390472412 622.3428249359131 433.8209629058838 1364.459991455078 375.4351139068604 1043.094158172607 383.3959102630615 334.658145904541 254.3320655822754


# name: response_suj
# type: matrix
# rows: 1
# columns: 32
 1 1 1 1 1 1 1 1 1 1 1 1 1 1 1 1 1 1 1 1 1 1 1 1 1 1 1 1 1 1 1 1


# name: response_suj_rt
# type: matrix
# rows: 1
# columns: 32
 975.8529663085938 483.2611083984375 525.1970291137695 259.2239379882812 536.0500812530518 306.3828945159912 126.6560554504395 260.145902633667 340.792179107666 346.5330600738525 300.029993057251 259.9830627441406 231.0528755187988 110.368013381958 64.31293487548828 259.6731185913086 184.9310398101807 58.61115455627441 29.71982955932617 219.6969985961914 140.9997940063477 231.0171127319336 0.7920265197753906 311.4430904388428 254.0102005004883 283.1449508666992 179.638147354126 818.1650638580322 288.6559963226318 547.8489398956299 346.1098670959473 312.190055847168




# name: <cell-element>
# type: scalar struct
# ndims: 2
 1 1
# length: 33
# name: priorAlphaRange
# type: range
# base, limit, increment
0 2.5 0.1


# name: prior
# type: matrix
# rows: 1
# columns: 26
 0.03846153846153846 0.03846153846153846 0.03846153846153846 0.03846153846153846 0.03846153846153846 0.03846153846153846 0.03846153846153846 0.03846153846153846 0.03846153846153846 0.03846153846153846 0.03846153846153846 0.03846153846153846 0.03846153846153846 0.03846153846153846 0.03846153846153846 0.03846153846153846 0.03846153846153846 0.03846153846153846 0.03846153846153846 0.03846153846153846 0.03846153846153846 0.03846153846153846 0.03846153846153846 0.03846153846153846 0.03846153846153846 0.03846153846153846


# name: pdf
# type: matrix
# rows: 1
# columns: 26
 4.052834442618552e-08 5.576144524614513e-08 8.443274810813023e-08 1.439386552715e-07 2.814378329013362e-07 6.38375920307694e-07 1.681534925616846e-06 5.080417519221831e-06 1.713042586829468e-05 6.186651612089051e-05 0.0002276179028491615 0.0008098518478881029 0.002657590343671917 0.007741783884093504 0.01947600163818223 0.04158608222016477 0.07472461883076491 0.1128082816647394 0.1436025754945254 0.1553048144403363 0.1441616392361815 0.1162505112543095 0.08251962564436174 0.05228074187742116 0.02998088152677324 0.01578037882435669


# name: mode
# type: scalar
1.9


# name: mean
# type: scalar
1.914632404700054


# name: sd
# type: scalar
0.2528423038583165


# name: modeUniformPrior
# type: scalar
1.9


# name: meanUniformPrior
# type: scalar
1.914632404700054


# name: sdUniformPrior
# type: scalar
0.2528423038583166


# name: response
# type: matrix
# rows: 1
# columns: 32
 1 0 0 1 0 0 1 1 0 0 1 1 0 1 1 0 1 1 1 1 1 1 1 0 0 1 0 1 1 1 1 1


# name: stopCriterion
# type: sq_string
# elements: 1
# length: 6
trials


# name: stopRule
# type: scalar
32


