# Created by Octave 3.6.4, Sat Mar 22 13:37:00 2014 CET <exp@Einzelzelle>
# name: PMs
# type: cell
# rows: 6
# columns: 6
# name: <cell-element>
# type: scalar struct
# ndims: 2
 1 1
# length: 33
# name: priorAlphaRange
# type: range
# base, limit, increment
0 2.5 0.1


# name: prior
# type: matrix
# rows: 1
# columns: 26
 0.03846153846153846 0.03846153846153846 0.03846153846153846 0.03846153846153846 0.03846153846153846 0.03846153846153846 0.03846153846153846 0.03846153846153846 0.03846153846153846 0.03846153846153846 0.03846153846153846 0.03846153846153846 0.03846153846153846 0.03846153846153846 0.03846153846153846 0.03846153846153846 0.03846153846153846 0.03846153846153846 0.03846153846153846 0.03846153846153846 0.03846153846153846 0.03846153846153846 0.03846153846153846 0.03846153846153846 0.03846153846153846 0.03846153846153846


# name: pdf
# type: matrix
# rows: 1
# columns: 26
 7.065459166837017e-06 8.676633191860697e-06 1.19658610228744e-05 1.900354871478057e-05 3.515469601360808e-05 7.521512798979601e-05 0.0001814813506108099 0.0004750277565176642 0.001288250212082809 0.003452818495699874 0.008753879147286371 0.02022276614279472 0.04133890227266848 0.07322867812891665 0.1109539700415617 0.1428951724119633 0.1563076725026778 0.1457469313918325 0.1166529367792665 0.08090468176869629 0.04917201629435931 0.02651820881645863 0.01285861464917376 0.005682901593327296 0.002320595242241324 0.0008874136757643933


# name: mode
# type: scalar
1.6


# name: mean
# type: scalar
1.614857479974059


# name: sd
# type: scalar
0.2605676082422737


# name: modeUniformPrior
# type: scalar
1.6


# name: meanUniformPrior
# type: scalar
1.614857479974059


# name: sdUniformPrior
# type: scalar
0.2605676082422737


# name: response
# type: matrix
# rows: 1
# columns: 32
 0 1 1 1 1 0 1 1 1 1 1 0 1 1 0 1 1 0 1 1 1 1 1 0 0 0 1 1 1 1 1 1


# name: stopCriterion
# type: sq_string
# elements: 1
# length: 6
trials


# name: stopRule
# type: scalar
32


# name: stop
# type: scalar
1


# name: PF
# type: function handle
# octaveroot: /usr
# path: /home/exp/sc/palamedes1_5_0/Palamedes/PAL_Gumbel.m
PAL_Gumbel


# name: beta
# type: scalar
0.5


# name: gamma
# type: scalar
0.1666666666666667


# name: lambda
# type: scalar
0.05


# name: xMin
# type: scalar
0


# name: xMax
# type: scalar
2.5


# name: direction
# type: scalar
-1


# name: reversal
# type: matrix
# rows: 1
# columns: 32
 0 1 0 0 0 2 3 0 0 0 0 4 5 0 6 7 0 8 9 0 0 0 0 10 0 0 11 0 0 0 0 0


# name: meanmode
# type: sq_string
# elements: 1
# length: 4
mean


# name: xCurrent
# type: scalar
1.614857479974059


# name: x
# type: matrix
# rows: 1
# columns: 32
 1.526513827016495 2.013256913508247 1.769885370262371 1.769885370262371 2.013256913508247 1.526513827016495 2.5 2.5 1.526513827016495 2.013256913508247 1.769885370262371 1.526513827016495 1.526513827016495 2.013256913508247 2.013256913508247 2.5 2.013256913508247 1.769885370262371 2.5 2.5 2.5 1.769885370262371 2.013256913508247 1.526513827016495 1.526513827016495 1.769885370262371 2.013256913508247 1.769885370262371 1.526513827016495 2.5 1.769885370262371 2.5


# name: xStaircase
# type: matrix
# rows: 1
# columns: 33
 1.526513827016495 1.750172437669126 1.63341731177562 1.491004422623873 1.355978267686715 1.261727720666855 1.61109847507506 1.566905468716051 1.526208526015673 1.415380425628974 1.349112565306183 1.271543969477558 1.506878520510931 1.425196030628332 1.376346783309559 1.592008848418872 1.566393233029084 1.519219603786644 1.672018231963804 1.648573180629683 1.626732183974346 1.606376757094623 1.56026491727247 1.525333328419491 1.621090035011513 1.699339903708218 1.783274411077967 1.750487073705592 1.713887923126245 1.674810243306847 1.659924865211952 1.627729159018763 1.614857479974059


# name: stimulus
# type: sq_string
# elements: 1
# length: 6
bucket


# name: thc_type
# type: matrix
# rows: 1
# columns: 32
 0 1 0.5 0.5 1 0 2 2 0 1 0.5 0 0 1 1 2 1 0.5 2 2 2 0.5 1 0 0 0.5 1 0.5 0 2 0.5 2


# name: run
# type: matrix
# rows: 1
# columns: 32
 2 2 2 2 2 2 2 2 2 2 2 2 2 2 2 2 2 2 2 2 2 2 2 2 2 2 2 2 2 2 2 2


# name: noise_variance
# type: matrix
# rows: 1
# columns: 32
 0.9734861729835051 0.4867430864917526 0.7301146297376289 0.7301146297376289 0.4867430864917526 0.9734861729835051 0 0 0.9734861729835051 0.4867430864917526 0.7301146297376289 0.9734861729835051 0.9734861729835051 0.4867430864917526 0.4867430864917526 0 0.4867430864917526 0.7301146297376289 0 0 0 0.7301146297376289 0.4867430864917526 0.9734861729835051 0.9734861729835051 0.7301146297376289 0.4867430864917526 0.7301146297376289 0.9734861729835051 0 0.7301146297376289 0


# name: response_obj
# type: matrix
# rows: 1
# columns: 32
 0 1 1 1 1 0 1 1 1 1 1 0 1 1 0 1 1 0 1 1 1 1 1 0 0 0 1 1 1 1 1 1


# name: response_obj_rt
# type: matrix
# rows: 1
# columns: 32
 2843.878030776978 1149.428129196167 335.2730274200439 576.4920711517334 265.7709121704102 41.34011268615723 289.1759872436523 127.6190280914307 308.6910247802734 721.951961517334 295.0060367584229 1619.071960449219 283.1790447235107 81.86912536621094 4003.487825393677 93.36304664611816 219.6371555328369 600.6321907043457 175.4710674285889 168.0469512939453 35.67385673522949 254.4519901275635 139.4608020782471 1308.369159698486 1974.951028823853 196.6700553894043 127.9571056365967 571.4619159698486 81.76302909851074 12.44592666625977 0.782012939453125 0.8029937744140625


# name: response_suj
# type: matrix
# rows: 1
# columns: 32
 1 1 1 0 1 1 1 1 1 1 1 0 1 1 1 1 1 1 1 1 1 1 1 1 0 1 1 1 1 1 1 1


# name: response_suj_rt
# type: matrix
# rows: 1
# columns: 32
 898.3831405639648 541.2709712982178 237.1540069580078 214.9569988250732 104.5730113983154 317.5139427185059 220.4339504241943 99.11513328552246 121.7780113220215 18.82004737854004 64.39399719238281 478.917121887207 122.2000122070312 161.5531444549561 0.7870197296142578 12.54701614379883 400.3570079803467 0.8409023284912109 237.3590469360352 185.3199005126953 105.9119701385498 0.5090236663818359 47.06788063049316 64.32580947875977 662.3668670654297 35.76016426086426 70.1448917388916 0.78582763671875 75.80900192260742 52.92201042175293 6.677150726318359 0.7939338684082031




# name: <cell-element>
# type: scalar struct
# ndims: 2
 1 1
# length: 33
# name: priorAlphaRange
# type: range
# base, limit, increment
0 2.5 0.1


# name: prior
# type: matrix
# rows: 1
# columns: 26
 0.03846153846153846 0.03846153846153846 0.03846153846153846 0.03846153846153846 0.03846153846153846 0.03846153846153846 0.03846153846153846 0.03846153846153846 0.03846153846153846 0.03846153846153846 0.03846153846153846 0.03846153846153846 0.03846153846153846 0.03846153846153846 0.03846153846153846 0.03846153846153846 0.03846153846153846 0.03846153846153846 0.03846153846153846 0.03846153846153846 0.03846153846153846 0.03846153846153846 0.03846153846153846 0.03846153846153846 0.03846153846153846 0.03846153846153846


# name: pdf
# type: matrix
# rows: 1
# columns: 26
 4.954214982946652e-06 7.896586079166793e-06 1.476671129874917e-05 3.228313307311539e-05 8.065562538203867e-05 0.0002215737125933142 0.0006378302373369795 0.001828946822549231 0.00498519331581956 0.01242429070743391 0.02749218218555161 0.0529277949685725 0.08754868752107607 0.1236371814217541 0.1488377735813349 0.1530702259726513 0.1351744780146779 0.103260184114532 0.06886410260082601 0.04051912815005641 0.02127929980970978 0.01009720781416044 0.004384038623405485 0.00176405468218951 0.000666201741941394 0.0002390677310114263


# name: mode
# type: scalar
1.5


# name: mean
# type: scalar
1.478891900014826


# name: sd
# type: scalar
0.2634440112090255


# name: modeUniformPrior
# type: scalar
1.5


# name: meanUniformPrior
# type: scalar
1.478891900014827


# name: sdUniformPrior
# type: scalar
0.2634440112090256


# name: response
# type: matrix
# rows: 1
# columns: 32
 1 1 1 1 1 1 1 0 1 1 1 1 1 1 0 1 1 1 0 1 1 1 1 0 0 1 0 0 1 0 1 1


# name: stopCriterion
# type: sq_string
# elements: 1
# length: 6
trials


