# Created by Octave 3.6.4, Fri Mar 07 17:47:12 2014 CET <exp@Einzelzelle>
# name: PMs
# type: cell
# rows: 6
# columns: 6
# name: <cell-element>
# type: scalar struct
# ndims: 2
 1 1
# length: 33
# name: priorAlphaRange
# type: range
# base, limit, increment
0 2.5 0.1


# name: prior
# type: matrix
# rows: 1
# columns: 26
 0.03846153846153846 0.03846153846153846 0.03846153846153846 0.03846153846153846 0.03846153846153846 0.03846153846153846 0.03846153846153846 0.03846153846153846 0.03846153846153846 0.03846153846153846 0.03846153846153846 0.03846153846153846 0.03846153846153846 0.03846153846153846 0.03846153846153846 0.03846153846153846 0.03846153846153846 0.03846153846153846 0.03846153846153846 0.03846153846153846 0.03846153846153846 0.03846153846153846 0.03846153846153846 0.03846153846153846 0.03846153846153846 0.03846153846153846


# name: pdf
# type: matrix
# rows: 1
# columns: 26
 8.546886317453516e-09 1.100679295143162e-08 1.645496312363167e-08 2.969791119781571e-08 6.639097364601043e-08 1.845854981454691e-07 6.249771737109596e-07 2.467054112791211e-06 1.070474398242227e-05 4.786071581189079e-05 0.0002072907056479122 0.0008249879121484404 0.002895816408432053 0.008709579224708611 0.0220442776483435 0.04653070682373224 0.08174437544255764 0.1199197525833551 0.1479717203626773 0.1551243498167706 0.139827488656082 0.1098144849306765 0.07619715731968998 0.04738290043383367 0.0267851102714181 0.01395802728582022


# name: mode
# type: scalar
1.9


# name: mean
# type: scalar
1.898423218586467


# name: sd
# type: scalar
0.252694374790094


# name: modeUniformPrior
# type: scalar
1.9


# name: meanUniformPrior
# type: scalar
1.898423218586467


# name: sdUniformPrior
# type: scalar
0.252694374790094


# name: response
# type: matrix
# rows: 1
# columns: 32
 0 0 0 1 1 0 1 1 1 1 0 0 1 1 1 1 0 1 0 0 1 1 1 1 1 1 1 1 0 0 1 1


# name: stopCriterion
# type: sq_string
# elements: 1
# length: 6
trials


# name: stopRule
# type: scalar
32


# name: stop
# type: scalar
1


# name: PF
# type: function handle
# octaveroot: /usr
# path: /home/exp/sc/palamedes1_5_0/Palamedes/PAL_Gumbel.m
PAL_Gumbel


# name: beta
# type: scalar
0.5


# name: gamma
# type: scalar
0.1666666666666667


# name: lambda
# type: scalar
0.05


# name: xMin
# type: scalar
0


# name: xMax
# type: scalar
2.5


# name: direction
# type: scalar
-1


# name: reversal
# type: matrix
# rows: 1
# columns: 32
 0 0 0 1 0 2 3 0 0 0 4 0 5 0 0 0 6 7 8 0 9 0 0 0 0 0 0 0 10 0 11 0


# name: meanmode
# type: sq_string
# elements: 1
# length: 4
mean


# name: xCurrent
# type: scalar
1.898423218586467


# name: x
# type: matrix
# rows: 1
# columns: 32
 1.511125328440436 1.758343996330327 1.511125328440436 2.5 1.758343996330327 1.758343996330327 1.511125328440436 1.511125328440436 2.005562664220218 2.5 1.511125328440436 1.758343996330327 2.005562664220218 2.5 2.5 2.5 1.758343996330327 2.5 1.511125328440436 1.511125328440436 1.758343996330327 2.005562664220218 2.005562664220218 2.005562664220218 1.511125328440436 1.758343996330327 2.5 2.005562664220218 2.005562664220218 1.758343996330327 2.5 2.005562664220218


# name: xStaircase
# type: matrix
# rows: 1
# columns: 33
 1.511125328440436 1.747213840073084 2.019240010838221 2.126765113829785 2.090564547073213 2.022506250455487 2.127008778373349 2.067340688404277 1.999314387375537 1.938567375488259 1.900741572133613 1.994374078407684 2.081405214938417 2.035649183204173 2.004958628827723 1.974613488029143 1.944877433089582 2.024646828168381 1.997301149326052 2.049645825264097 2.094409932580951 2.055153886705433 2.018470983190108 1.981591386862107 1.944964045735521 1.901720783154243 1.861618161844342 1.840856133549986 1.80803385310778 1.889912615919482 1.948169021396791 1.928379558136967 1.898423218586467


# name: stimulus
# type: sq_string
# elements: 1
# length: 4
shoe


# name: thc_type
# type: matrix
# rows: 1
# columns: 32
 0 0.5 0 2 0.5 0.5 0 0 1 2 0 0.5 1 2 2 2 0.5 2 0 0 0.5 1 1 1 0 0.5 2 1 1 0.5 2 1


# name: run
# type: matrix
# rows: 1
# columns: 32
 2 2 2 2 2 2 2 2 2 2 2 2 2 2 2 2 2 2 2 2 2 2 2 2 2 2 2 2 2 2 2 2


# name: noise_variance
# type: matrix
# rows: 1
# columns: 32
 0.9888746715595644 0.7416560036696733 0.9888746715595644 0 0.7416560036696733 0.7416560036696733 0.9888746715595644 0.9888746715595644 0.4944373357797822 0 0.9888746715595644 0.7416560036696733 0.4944373357797822 0 0 0 0.7416560036696733 0 0.9888746715595644 0.9888746715595644 0.7416560036696733 0.4944373357797822 0.4944373357797822 0.4944373357797822 0.9888746715595644 0.7416560036696733 0 0.4944373357797822 0.4944373357797822 0.7416560036696733 0 0.4944373357797822


# name: response_obj
# type: matrix
# rows: 1
# columns: 32
 0 0 0 1 1 0 1 1 1 1 0 0 1 1 1 1 0 1 0 0 1 1 1 1 1 1 1 1 0 0 1 1


# name: response_obj_rt
# type: matrix
# rows: 1
# columns: 32
 410.5842113494873 681.2460422515869 1090.754985809326 1131.228923797607 1085.262775421143 295.1850891113281 359.7180843353271 1305.338144302368 1181.310892105103 670.0079441070557 526.3111591339111 513.9811038970947 364.5889759063721 87.48888969421387 0.8940696716308594 0.8649826049804688 363.853931427002 611.7298603057861 366.5540218353271 548.0639934539795 463.223934173584 376.1179447174072 486.0460758209229 116.6319847106934 0.8139610290527344 266.3791179656982 329.4651508331299 191.493034362793 5777.473926544189 64.5449161529541 427.8221130371094 398.514986038208


# name: response_suj
# type: matrix
# rows: 1
# columns: 32
 1 1 1 1 1 0 1 1 1 1 0 0 1 1 1 1 1 1 0 0 0 1 1 1 1 1 1 1 1 1 1 1


# name: response_suj_rt
# type: matrix
# rows: 1
# columns: 32
 614.4649982452393 643.4969902038574 588.4349346160889 724.6229648590088 410.0549221038818 363.6119365692139 254.4329166412354 289.3021106719971 589.4069671630859 490.4489517211914 583.3699703216553 381.4511299133301 390.6950950622559 432.6469898223877 300.6851673126221 376.0430812835693 600.8789539337158 455.8939933776855 404.1519165039062 520.158052444458 530.6169986724854 410.1839065551758 416.0819053649902 589.6179676055908 698.5039710998535 537.6088619232178 519.6759700775146 724.7850894927979 560.0118637084961 554.5139312744141 547.9419231414795 599.8830795288086




# name: <cell-element>
# type: scalar struct
# ndims: 2
 1 1
# length: 33
# name: priorAlphaRange
# type: range
# base, limit, increment
0 2.5 0.1


# name: prior
# type: matrix
# rows: 1
# columns: 26
 0.03846153846153846 0.03846153846153846 0.03846153846153846 0.03846153846153846 0.03846153846153846 0.03846153846153846 0.03846153846153846 0.03846153846153846 0.03846153846153846 0.03846153846153846 0.03846153846153846 0.03846153846153846 0.03846153846153846 0.03846153846153846 0.03846153846153846 0.03846153846153846 0.03846153846153846 0.03846153846153846 0.03846153846153846 0.03846153846153846 0.03846153846153846 0.03846153846153846 0.03846153846153846 0.03846153846153846 0.03846153846153846 0.03846153846153846


# name: pdf
# type: matrix
# rows: 1
# columns: 26
 4.118636964537549e-16 2.149902749624148e-15 1.445266449804842e-14 1.206489064824456e-13 1.192388185450436e-12 1.320526645195425e-11 1.545281434588155e-10 1.800755918423501e-09 1.975856529380764e-08 1.944387611366616e-07 1.651708074285792e-06 1.179070031855286e-05 6.957962546935318e-05 0.000336801715626548 0.001335586365623629 0.004354094254625736 0.01175005168305684 0.02649159691873847 0.05044442377832938 0.08209678223940034 0.1156370033355557 0.1427940591838464 0.1565927350760815 0.1544599522187139 0.1387504339662066 0.114873241063187


# name: mode
# type: scalar
2.2


# name: mean
# type: scalar
2.17064434263029


# name: sd
# type: scalar
0.2286597870699229


# name: modeUniformPrior
# type: scalar
2.2


# name: meanUniformPrior
# type: scalar
2.17064434263029


# name: sdUniformPrior
# type: scalar
0.2286597870699229


# name: response
# type: matrix
# rows: 1
# columns: 32
 1 0 0 1 0 0 1 0 0 0 0 1 1 1 0 1 1 1 0 0 0 0 0 1 0 0 1 0 0 1 1 1


# name: stopCriterion
# type: sq_string
# elements: 1
# length: 6
trials


