# Created by Octave 3.6.4, Fri Mar 07 16:38:35 2014 CET <exp@Einzelzelle>
# name: PMs
# type: cell
# rows: 6
# columns: 6
# name: <cell-element>
# type: scalar struct
# ndims: 2
 1 1
# length: 33
# name: priorAlphaRange
# type: range
# base, limit, increment
0 2.5 0.1


# name: prior
# type: matrix
# rows: 1
# columns: 26
 0.03846153846153846 0.03846153846153846 0.03846153846153846 0.03846153846153846 0.03846153846153846 0.03846153846153846 0.03846153846153846 0.03846153846153846 0.03846153846153846 0.03846153846153846 0.03846153846153846 0.03846153846153846 0.03846153846153846 0.03846153846153846 0.03846153846153846 0.03846153846153846 0.03846153846153846 0.03846153846153846 0.03846153846153846 0.03846153846153846 0.03846153846153846 0.03846153846153846 0.03846153846153846 0.03846153846153846 0.03846153846153846 0.03846153846153846


# name: pdf
# type: matrix
# rows: 1
# columns: 26
 6.855822442735636e-11 1.249903779422226e-10 2.745653294186181e-10 7.393952501125462e-10 2.440578297752043e-09 9.694004019086994e-09 4.477596757826022e-08 2.298819278189712e-07 1.247338126956861e-06 6.797290524947739e-06 3.544717477203885e-05 0.000169427026634623 0.0007160043377471755 0.002602728955895716 0.007986325334625483 0.0204631751665397 0.04360762208679027 0.07739860629299321 0.115057391631563 0.1445024668961701 0.1550019023877356 0.1437688773529907 0.1168482206178755 0.08436798157742562 0.05487267687119339 0.0325928136604091


# name: mode
# type: scalar
2


# name: mean
# type: scalar
2.005562664220218


# name: sd
# type: scalar
0.2459668712652722


# name: modeUniformPrior
# type: scalar
2


# name: meanUniformPrior
# type: scalar
2.005562664220218


# name: sdUniformPrior
# type: scalar
0.2459668712652722


# name: response
# type: matrix
# rows: 1
# columns: 32
 0 1 0 1 0 0 1 1 1 1 1 0 0 0 1 0 0 1 0 1 1 0 1 1 0 1 0 1 1 1 1 1


# name: stopCriterion
# type: sq_string
# elements: 1
# length: 6
trials


# name: stopRule
# type: scalar
32


# name: stop
# type: scalar
1


# name: PF
# type: function handle
# octaveroot: /usr
# path: /home/exp/sc/palamedes1_5_0/Palamedes/PAL_Gumbel.m
PAL_Gumbel


# name: beta
# type: scalar
0.5


# name: gamma
# type: scalar
0.1666666666666667


# name: lambda
# type: scalar
0.05


# name: xMin
# type: scalar
0


# name: xMax
# type: scalar
2.5


# name: direction
# type: scalar
-1


# name: reversal
# type: matrix
# rows: 1
# columns: 32
 0 1 2 3 4 0 5 0 0 0 0 6 0 0 7 8 0 9 10 11 0 12 13 0 14 15 16 17 0 0 0 0


# name: meanmode
# type: sq_string
# elements: 1
# length: 4
mean


# name: xCurrent
# type: scalar
2.005562664220218


# name: x
# type: matrix
# rows: 1
# columns: 32
 1.77635683940025e-15 2.5 1.34295869131226 2.5 1.670297621211436 1.351595488333299 2.033738147999195 1.971270312429632 2.5 1.862138200718091 1.787634976656719 1.710113012578442 1.226419113140693 1.368899859933021 2.000951742793829 1.403598589362062 2.012544267800442 2.5 1.648592157101824 2.125376734213985 2.5 1.63406404457575 2.5 2.090791137049369 1.616414187122151 2.101683154565766 2.071085779483353 2.132459983549359 2.5 2.5 2.063598056922019 2.034732979160497


# name: xStaircase
# type: matrix
# rows: 1
# columns: 33
 1.77635683940025e-15 1.409007421593816 1.34295869131226 1.728332501797238 1.670297621211436 1.925797744166649 2.033738147999195 1.971270312429632 1.902787768541738 1.862138200718091 1.787634976656719 1.710113012578442 1.863209556570346 1.93444992996651 2.000951742793829 1.951799294681031 2.012544267800442 2.100776254196278 2.074296078550912 2.125376734213985 2.091897477839626 2.067032022287875 2.114024504592694 2.090791137049369 2.058207093561076 2.101683154565766 2.071085779483353 2.132459983549359 2.104823445958513 2.084115390307597 2.063598056922019 2.034732979160497 2.005562664220218


# name: stimulus
# type: sq_string
# elements: 1
# length: 4
shoe


# name: thc_type
# type: matrix
# rows: 1
# columns: 32
 0 2 0.5 2 0.5 0 1 0.5 2 1 0.5 0.5 0 0 1 0 1 2 0 1 2 0 2 0.5 0 1 0.5 1 2 2 1 0.5


# name: run
# type: matrix
# rows: 1
# columns: 32
 1 1 1 1 1 1 1 1 1 1 1 1 1 1 1 1 1 1 1 1 1 1 1 1 1 1 1 1 1 1 1 1


# name: noise_variance
# type: matrix
# rows: 1
# columns: 32
 2.499999999999998 0 1.15704130868774 0 0.8297023787885636 1.148404511666701 0.4662618520008053 0.5287296875703675 0 0.6378617992819093 0.7123650233432808 0.7898869874215577 1.273580886859307 1.131100140066979 0.4990482572061712 1.096401410637938 0.4874557321995576 0 0.8514078428981762 0.3746232657860147 0 0.8659359554242503 0 0.4092088629506314 0.8835858128778487 0.3983168454342341 0.4289142205166465 0.3675400164506413 0 0 0.4364019430779806 0.4652670208395033


# name: response_obj
# type: matrix
# rows: 1
# columns: 32
 0 1 0 1 0 0 1 1 1 1 1 0 0 0 1 0 0 1 0 1 1 0 1 1 0 1 0 1 1 1 1 1


# name: response_obj_rt
# type: matrix
# rows: 1
# columns: 32
 2886.316061019897 2484.176158905029 2956.944942474365 1586.185932159424 7762.392044067383 2002.139091491699 1232.902050018311 731.9371700286865 771.6910839080811 732.3191165924072 537.3132228851318 1123.199224472046 737.4029159545898 779.5319557189941 1205.520153045654 5439.894914627075 4564.316987991333 613.9469146728516 808.3400726318359 854.057788848877 814.7380352020264 4133.738994598389 808.5670471191406 1458.703994750977 4273.157119750977 2626.394987106323 2771.250009536743 2694.176197052002 1874.455213546753 980.6661605834961 3371.673822402954 891.3929462432861


# name: response_suj
# type: matrix
# rows: 1
# columns: 32
 0 1 0 1 0 1 1 1 1 1 1 0 0 0 1 0 0 1 0 1 1 0 1 1 0 1 1 1 1 1 1 1


# name: response_suj_rt
# type: matrix
# rows: 1
# columns: 32
 1124.860048294067 1089.070081710815 900.4111289978027 392.4829959869385 1240.784883499146 691.3938522338867 581.9091796875 323.7128257751465 583.3380222320557 438.554048538208 613.4729385375977 421.2031364440918 710.4699611663818 939.8488998413086 753.1840801239014 1210.238933563232 850.3241539001465 749.2680549621582 1675.711154937744 934.669017791748 1045.077085494995 981.3318252563477 981.7161560058594 1170.699119567871 992.3110008239746 1346.274852752686 1534.986019134521 2725.666046142578 1568.28498840332 588.3650779724121 438.3530616760254 449.228048324585




# name: <cell-element>
# type: scalar struct
# ndims: 2
 1 1
# length: 33
# name: priorAlphaRange
# type: range
# base, limit, increment
0 2.5 0.1


# name: prior
# type: matrix
# rows: 1
# columns: 26
 0.03846153846153846 0.03846153846153846 0.03846153846153846 0.03846153846153846 0.03846153846153846 0.03846153846153846 0.03846153846153846 0.03846153846153846 0.03846153846153846 0.03846153846153846 0.03846153846153846 0.03846153846153846 0.03846153846153846 0.03846153846153846 0.03846153846153846 0.03846153846153846 0.03846153846153846 0.03846153846153846 0.03846153846153846 0.03846153846153846 0.03846153846153846 0.03846153846153846 0.03846153846153846 0.03846153846153846 0.03846153846153846 0.03846153846153846


# name: pdf
# type: matrix
# rows: 1
# columns: 26
 2.439967948976624e-08 4.34498509233967e-08 9.19795141771975e-08 2.333312323568008e-07 7.02655142362585e-07 2.44312794609751e-06 9.397287296419817e-06 3.797545327071557e-05 0.0001528421092341274 0.0005831201278851349 0.002022798117628768 0.006177194478472535 0.01622806998947464 0.03613690799833692 0.06766992564174124 0.1063039074085958 0.1403633805462317 0.1566155144399726 0.1488558792999962 0.1217288618864731 0.08663703630323301 0.05434068704666332 0.03043428356834555 0.01542615250652107 0.007172445682588686 0.003100081164672954


# name: mode
# type: scalar
1.7


# name: mean
# type: scalar
1.734986398114856


# name: sd
# type: scalar
0.2561989629047793


# name: modeUniformPrior
# type: scalar
1.7


# name: meanUniformPrior
# type: scalar
1.734986398114856


# name: sdUniformPrior
# type: scalar
0.2561989629047793


# name: response
# type: matrix
# rows: 1
# columns: 32
 0 1 0 0 1 1 1 0 1 0 0 1 1 1 0 0 0 1 1 1 1 1 1 1 1 1 1 1 1 1 0 1


# name: stopCriterion
# type: sq_string
# elements: 1
# length: 6
trials


