# Created by Octave 3.6.4, Sun Mar 23 14:24:24 2014 CET <exp@Einzelzelle>
# name: PMs
# type: cell
# rows: 6
# columns: 6
# name: <cell-element>
# type: scalar struct
# ndims: 2
 1 1
# length: 33
# name: priorAlphaRange
# type: range
# base, limit, increment
0 2.5 0.1


# name: prior
# type: matrix
# rows: 1
# columns: 26
 0.03846153846153846 0.03846153846153846 0.03846153846153846 0.03846153846153846 0.03846153846153846 0.03846153846153846 0.03846153846153846 0.03846153846153846 0.03846153846153846 0.03846153846153846 0.03846153846153846 0.03846153846153846 0.03846153846153846 0.03846153846153846 0.03846153846153846 0.03846153846153846 0.03846153846153846 0.03846153846153846 0.03846153846153846 0.03846153846153846 0.03846153846153846 0.03846153846153846 0.03846153846153846 0.03846153846153846 0.03846153846153846 0.03846153846153846


# name: pdf
# type: matrix
# rows: 1
# columns: 26
 1.25852269407487e-11 1.504067162175239e-11 1.923641656485867e-11 2.664179810679574e-11 4.051166648213852e-11 6.889529292507724e-11 1.343394393604542e-10 3.095642912658502e-10 8.686933675310942e-10 3.028763576354442e-09 1.311174132237485e-08 6.852376616274251e-08 4.094945295341706e-07 2.606102906797275e-06 1.63861864518057e-05 9.513676717611047e-05 0.0004834977244473189 0.002072070741551976 0.007321990254453847 0.02111631479362165 0.04965302463089585 0.09573573721157433 0.1529107815516602 0.2049970125621562 0.2341381605866518 0.2314567852321435


# name: mode
# type: scalar
2.4


# name: mean
# type: scalar
2.306587808795717


# name: sd
# type: scalar
0.1662916808862948


# name: modeUniformPrior
# type: scalar
2.4


# name: meanUniformPrior
# type: scalar
2.306587808795717


# name: sdUniformPrior
# type: scalar
0.1662916808862948


# name: response
# type: matrix
# rows: 1
# columns: 32
 0 0 0 0 0 1 0 0 1 1 1 0 1 1 1 1 1 0 0 0 1 1 0 1 0 1 1 1 1 1 1 0


# name: stopCriterion
# type: sq_string
# elements: 1
# length: 6
trials


# name: stopRule
# type: scalar
32


# name: stop
# type: scalar
1


# name: PF
# type: function handle
# octaveroot: /usr
# path: /home/exp/sc/palamedes1_5_0/Palamedes/PAL_Gumbel.m
PAL_Gumbel


# name: beta
# type: scalar
0.5


# name: gamma
# type: scalar
0.1666666666666667


# name: lambda
# type: scalar
0.05


# name: xMin
# type: scalar
0


# name: xMax
# type: scalar
2.5


# name: direction
# type: scalar
1


# name: reversal
# type: matrix
# rows: 1
# columns: 32
 0 0 0 0 0 1 2 0 3 0 0 4 5 0 0 0 0 6 0 0 7 0 8 9 10 11 0 0 0 0 0 12


# name: meanmode
# type: sq_string
# elements: 1
# length: 4
mean


# name: xCurrent
# type: scalar
2.306587808795717


# name: x
# type: matrix
# rows: 1
# columns: 32
 1.250000000000001 1.690097790025086 1.457528413980801 2.096572617868736 1.916480134657063 2.5 2.244064940957015 2.100510457172891 2.334307790056038 2.318593533950985 2.5 2.284905596721185 2.325234810755707 2.5 2.294625882118285 2.276104295997984 2.5 2.238012520474638 2.066069913076324 2.125876066273692 2.17705355333591 2.324513219655111 2.310555194437081 2.5 2.157795080957213 2.5 2.5 2.330376142712505 2.5 2.306151741816503 2.08418858990394 2.275607212254257


# name: xStaircase
# type: matrix
# rows: 1
# columns: 33
 1.250000000000001 1.690097790025086 1.978764206990401 2.096572617868736 2.208240067328532 2.265671133705945 2.244064940957015 2.300255228586445 2.334307790056038 2.318593533950985 2.301233100915566 2.284905596721185 2.325234810755707 2.309484754731298 2.294625882118285 2.276104295997984 2.255972566443033 2.238012520474638 2.283034956538162 2.312938033136846 2.338526776667955 2.324513219655111 2.310555194437081 2.339858196214091 2.328897540478606 2.350913474925541 2.340918689488388 2.330376142712505 2.317859450891326 2.306151741816503 2.29209429495197 2.275607212254257 2.306587808795717


# name: stimulus
# type: sq_string
# elements: 1
# length: 4
shoe


# name: thc_type
# type: matrix
# rows: 1
# columns: 32
 0.5 0.5 0 1 0 2 0.5 0 1 1 2 1 0.5 2 0.5 1 2 1 0 0 0 1 0.5 2 0 2 2 1 2 0.5 0 0.5


# name: run
# type: matrix
# rows: 1
# columns: 32
 1 1 1 1 1 1 1 1 1 1 1 1 1 1 1 1 1 1 1 1 1 1 1 1 1 1 1 1 1 1 1 1


# name: noise_variance
# type: matrix
# rows: 1
# columns: 32
 1.249999999999999 0.8099022099749138 1.042471586019199 0.4034273821312642 0.5835198653429368 0 0.2559350590429847 0.3994895428271095 0.1656922099439617 0.1814064660490153 0 0.2150944032788153 0.1747651892442934 0 0.205374117881715 0.2238957040020155 0 0.2619874795253625 0.4339300869236755 0.3741239337263078 0.3229464466640897 0.1754867803448894 0.1894448055629185 0 0.3422049190427874 0 0 0.1696238572874949 0 0.1938482581834973 0.4158114100960599 0.2243927877457428


# name: response_obj
# type: matrix
# rows: 1
# columns: 32
 0 0 0 0 0 1 0 0 1 1 1 0 1 1 1 1 1 0 0 0 1 1 0 1 0 1 1 1 1 1 1 0


# name: response_obj_rt
# type: matrix
# rows: 1
# columns: 32
 1447.756052017212 1899.340867996216 1295.766115188599 829.2369842529297 1175.864934921265 2185.423851013184 2577.608108520508 593.2610034942627 2042.03987121582 1782.844066619873 1758.143901824951 2164.517879486084 1266.556978225708 1834.781885147095 2403.954029083252 1523.574113845825 1550.439834594727 2070.892095565796 1474.834203720093 1199.534893035889 3296.977996826172 1093.553066253662 931.8759441375732 1024.838924407959 1680.833101272583 1898.145914077759 956.2909603118896 582.6339721679688 346.9498157501221 357.4779033660889 954.7340869903564 1573.328971862793


# name: response_suj
# type: matrix
# rows: 1
# columns: 32
 0 0 0 0 0 1 0 0 1 1 1 0 1 1 0 1 1 0 0 0 1 1 0 1 0 1 1 1 1 1 0 0


# name: response_suj_rt
# type: matrix
# rows: 1
# columns: 32
 1121.755123138428 1140.215873718262 1101.928949356079 1159.399032592773 708.3430290222168 1130.533933639526 760.3440284729004 1596.390962600708 737.0500564575195 621.6089725494385 616.0068511962891 386.3918781280518 479.0651798248291 708.5919380187988 546.9870567321777 684.3209266662598 702.5411128997803 466.6140079498291 546.9310283660889 581.2540054321289 472.121000289917 492.0279979705811 535.5169773101807 432.3289394378662 334.618091583252 1044.353008270264 496.9749450683594 515.7370567321777 483.8480949401855 449.5759010314941 621.5279102325439 592.7760601043701




# name: <cell-element>
# type: scalar struct
# ndims: 2
 1 1
# length: 33
# name: priorAlphaRange
# type: range
# base, limit, increment
0 2.5 0.1


# name: prior
# type: matrix
# rows: 1
# columns: 26
 0.03846153846153846 0.03846153846153846 0.03846153846153846 0.03846153846153846 0.03846153846153846 0.03846153846153846 0.03846153846153846 0.03846153846153846 0.03846153846153846 0.03846153846153846 0.03846153846153846 0.03846153846153846 0.03846153846153846 0.03846153846153846 0.03846153846153846 0.03846153846153846 0.03846153846153846 0.03846153846153846 0.03846153846153846 0.03846153846153846 0.03846153846153846 0.03846153846153846 0.03846153846153846 0.03846153846153846 0.03846153846153846 0.03846153846153846


# name: pdf
# type: matrix
# rows: 1
# columns: 26
 2.388653902834111e-11 4.351100390294329e-11 8.395986283317671e-11 1.721122180461022e-10 3.794880110554582e-10 9.192695295921015e-10 2.509686733076891e-09 7.897732861816626e-09 2.897760285243135e-08 1.231926324363462e-07 5.906938654784582e-07 3.05235120417247e-06 1.60565575651841e-05 8.105376589699131e-05 0.0003724582110485049 0.001494666584499414 0.00508977468959462 0.01446142799690718 0.03404151990364396 0.06641790336346907 0.1080458065422085 0.1479762439866878 0.1727171047063387 0.1741789760840967 0.1539850412089755 0.121118159154116


# name: mode
# type: scalar
2.3


# name: mean
# type: scalar
2.202879486096939


# name: sd
# type: scalar
0.2062143730199148


# name: modeUniformPrior
# type: scalar
2.3


# name: meanUniformPrior
# type: scalar
2.202879486096939


# name: sdUniformPrior
# type: scalar
0.2062143730199148


# name: response
# type: matrix
# rows: 1
# columns: 32
 1 1 0 0 0 0 1 0 1 0 1 0 0 1 1 1 1 0 1 0 1 0 0 1 1 0 1 1 1 1 0 1


# name: stopCriterion
# type: sq_string
# elements: 1
# length: 6
trials


