# Created by Octave 3.6.4, Sun Mar 23 15:01:11 2014 CET <exp@Einzelzelle>
# name: PMs
# type: cell
# rows: 6
# columns: 6
# name: <cell-element>
# type: scalar struct
# ndims: 2
 1 1
# length: 33
# name: priorAlphaRange
# type: range
# base, limit, increment
0 2.5 0.1


# name: prior
# type: matrix
# rows: 1
# columns: 26
 0.03846153846153846 0.03846153846153846 0.03846153846153846 0.03846153846153846 0.03846153846153846 0.03846153846153846 0.03846153846153846 0.03846153846153846 0.03846153846153846 0.03846153846153846 0.03846153846153846 0.03846153846153846 0.03846153846153846 0.03846153846153846 0.03846153846153846 0.03846153846153846 0.03846153846153846 0.03846153846153846 0.03846153846153846 0.03846153846153846 0.03846153846153846 0.03846153846153846 0.03846153846153846 0.03846153846153846 0.03846153846153846 0.03846153846153846


# name: pdf
# type: matrix
# rows: 1
# columns: 26
 0.000333976914589082 0.0003345635701659047 0.0003362539262372766 0.0003405755797889826 0.0003505597531992866 0.0003718351682701616 0.0004146641063845786 0.0004983593545946624 0.0006616483614353307 0.0009873679228359143 0.001660252138979627 0.003094789100166875 0.006184457042104227 0.01266986748066605 0.02535303413188753 0.04735141374072143 0.07946613898150141 0.1164970132139744 0.1465086313249219 0.1566548425274025 0.142220735668581 0.1101183378563889 0.07335238110415902 0.04252777662212481 0.02175174832020986 0.009958776088709285


# name: mode
# type: scalar
1.9


# name: mean
# type: scalar
1.876553409560617


# name: sd
# type: scalar
0.2732619466112499


# name: modeUniformPrior
# type: scalar
1.9


# name: meanUniformPrior
# type: scalar
1.876553409560617


# name: sdUniformPrior
# type: scalar
0.2732619466112499


# name: response
# type: matrix
# rows: 1
# columns: 32
 1 1 0 1 1 1 1 1 1 1 1 1 1 0 1 1 0 0 0 0 0 1 1 1 1 1 1 1 1 1 1 1


# name: stopCriterion
# type: sq_string
# elements: 1
# length: 6
trials


# name: stopRule
# type: scalar
32


# name: stop
# type: scalar
1


# name: PF
# type: function handle
# octaveroot: /usr
# path: /home/exp/sc/palamedes1_5_0/Palamedes/PAL_Gumbel.m
PAL_Gumbel


# name: beta
# type: scalar
0.5


# name: gamma
# type: scalar
0.1666666666666667


# name: lambda
# type: scalar
0.05


# name: xMin
# type: scalar
0


# name: xMax
# type: scalar
2.5


# name: direction
# type: scalar
-1


# name: reversal
# type: matrix
# rows: 1
# columns: 32
 0 0 1 2 0 0 0 0 0 0 0 0 0 3 4 0 5 0 0 0 0 6 0 0 0 0 0 0 0 0 0 0


# name: meanmode
# type: sq_string
# elements: 1
# length: 4
mean


# name: xCurrent
# type: scalar
1.876553409560617


# name: x
# type: matrix
# rows: 1
# columns: 32
 2.113175617591433 2.5 2.5 2.209881713193575 2.209881713193575 2.306587808795717 2.5 2.306587808795717 2.5 2.5 2.5 2.209881713193575 2.209881713193575 2.113175617591433 2.209881713193575 2.306587808795717 2.113175617591433 2.113175617591433 2.209881713193575 2.113175617591433 2.306587808795717 2.5 2.113175617591433 2.306587808795717 2.209881713193575 2.306587808795717 2.5 2.306587808795717 2.113175617591433 2.113175617591433 2.306587808795717 2.209881713193575


# name: xStaircase
# type: matrix
# rows: 1
# columns: 33
 2.113175617591433 1.137862603735919 1.085320886972742 1.535258941012367 1.418567577336106 1.310309251282967 1.225585144311794 1.171390998734106 1.104039997591438 1.062708098615496 1.026149467267273 0.9937897788733806 0.9438472651754327 0.9009190240823863 1.295837871376128 1.232167985548829 1.183323285794377 1.566205914664817 1.832169072204626 1.991358629821582 2.087593325418412 2.166118695776055 2.145365873460491 2.11662756955365 2.090754645597003 2.062509809342604 2.036144557381425 2.014656963641669 1.988657228196989 1.958451151249914 1.928396152747189 1.903445825409166 1.876553409560617


# name: stimulus
# type: sq_string
# elements: 1
# length: 4
shoe


# name: thc_type
# type: matrix
# rows: 1
# columns: 32
 0 2 2 0.5 0.5 1 2 1 2 2 2 0.5 0.5 0 0.5 1 0 0 0.5 0 1 2 0 1 0.5 1 2 1 0 0 1 0.5


# name: run
# type: matrix
# rows: 1
# columns: 32
 2 2 2 2 2 2 2 2 2 2 2 2 2 2 2 2 2 2 2 2 2 2 2 2 2 2 2 2 2 2 2 2


# name: noise_variance
# type: matrix
# rows: 1
# columns: 32
 0.3868243824085669 0 0 0.2901182868064252 0.2901182868064252 0.1934121912042834 0 0.1934121912042834 0 0 0 0.2901182868064252 0.2901182868064252 0.3868243824085669 0.2901182868064252 0.1934121912042834 0.3868243824085669 0.3868243824085669 0.2901182868064252 0.3868243824085669 0.1934121912042834 0 0.3868243824085669 0.1934121912042834 0.2901182868064252 0.1934121912042834 0 0.1934121912042834 0.3868243824085669 0.3868243824085669 0.1934121912042834 0.2901182868064252


# name: response_obj
# type: matrix
# rows: 1
# columns: 32
 1 1 0 1 1 1 1 1 1 1 1 1 1 0 1 1 0 0 0 0 0 1 1 1 1 1 1 1 1 1 1 1


# name: response_obj_rt
# type: matrix
# rows: 1
# columns: 32
 1859.360933303833 725.4400253295898 2864.485025405884 260.2949142456055 294.6300506591797 570.9779262542725 242.8669929504395 421.1101531982422 277.8670787811279 439.1660690307617 266.0470008850098 3439.865112304688 369.7631359100342 1604.05707359314 557.0979118347168 375.7119178771973 398.1258869171143 2451.091051101685 548.0411052703857 619.697093963623 1078.474044799805 288.9950275421143 294.5539951324463 260.239839553833 255.2609443664551 300.9099960327148 237.0800971984863 214.1909599304199 219.9859619140625 438.9960765838623 237.1971607208252 242.8610324859619


# name: response_suj
# type: matrix
# rows: 1
# columns: 32
 0 1 1 1 1 1 1 1 1 1 1 0 1 0 1 1 0 0 0 0 0 1 1 1 1 1 1 1 1 1 1 1


# name: response_suj_rt
# type: matrix
# rows: 1
# columns: 32
 870.0668811798096 312.0789527893066 484.3380451202393 363.7940883636475 358.0877780914307 317.7628517150879 266.4570808410645 242.8860664367676 294.917106628418 300.2898693084717 219.7701930999756 611.2029552459717 219.6388244628906 260.2519989013672 242.933988571167 312.2200965881348 271.4190483093262 173.7258434295654 375.3700256347656 294.7530746459961 466.1629199981689 266.5901184082031 248.7008571624756 288.6979579925537 237.5500202178955 219.8629379272461 266.0200595855713 231.309175491333 179.4869899749756 174.4210720062256 116.1940097808838 156.5430164337158




# name: <cell-element>
# type: scalar struct
# ndims: 2
 1 1
# length: 33
# name: priorAlphaRange
# type: range
# base, limit, increment
0 2.5 0.1


# name: prior
# type: matrix
# rows: 1
# columns: 26
 0.03846153846153846 0.03846153846153846 0.03846153846153846 0.03846153846153846 0.03846153846153846 0.03846153846153846 0.03846153846153846 0.03846153846153846 0.03846153846153846 0.03846153846153846 0.03846153846153846 0.03846153846153846 0.03846153846153846 0.03846153846153846 0.03846153846153846 0.03846153846153846 0.03846153846153846 0.03846153846153846 0.03846153846153846 0.03846153846153846 0.03846153846153846 0.03846153846153846 0.03846153846153846 0.03846153846153846 0.03846153846153846 0.03846153846153846


# name: pdf
# type: matrix
# rows: 1
# columns: 26
 1.458421094675446e-07 1.491345902036428e-07 1.568766711313507e-07 1.739772130616423e-07 2.108062616655795e-07 2.917631442721837e-07 4.826373136896911e-07 9.86858623243926e-07 2.516519706333828e-06 7.822468618526539e-06 2.814771142171467e-05 0.0001093933945426368 0.0004268247414125192 0.001565648532653543 0.005124462690926786 0.0144193564765902 0.03407167193427658 0.06679292584415507 0.1082727537650506 0.1455994075504853 0.1637142555946264 0.1556473933455244 0.1267929707174688 0.0898009591647083 0.0561470260744652 0.03147386557744034


# name: mode
# type: scalar
2


# name: mean
# type: scalar
2.024314443764077


# name: sd
# type: scalar
0.2341934710644906


# name: modeUniformPrior
# type: scalar
2


# name: meanUniformPrior
# type: scalar
2.024314443764077


# name: sdUniformPrior
# type: scalar
0.2341934710644906


# name: response
# type: matrix
# rows: 1
# columns: 32
 1 1 1 0 1 1 0 0 1 1 1 0 1 1 1 1 1 1 1 1 0 0 0 1 0 1 1 1 1 0 0 1


# name: stopCriterion
# type: sq_string
# elements: 1
# length: 6
trials


