# Created by Octave 3.8.1, Tue Mar 18 14:07:42 2014 UTC <exp@verleihnix>
# name: PMs
# type: cell
# rows: 6
# columns: 6
# name: <cell-element>
# type: scalar struct
# ndims: 2
 1 1
# length: 33
# name: priorAlphaRange
# type: range
# base, limit, increment
0 2.5 0.1


# name: prior
# type: matrix
# rows: 1
# columns: 26
 0.03846153846153846 0.03846153846153846 0.03846153846153846 0.03846153846153846 0.03846153846153846 0.03846153846153846 0.03846153846153846 0.03846153846153846 0.03846153846153846 0.03846153846153846 0.03846153846153846 0.03846153846153846 0.03846153846153846 0.03846153846153846 0.03846153846153846 0.03846153846153846 0.03846153846153846 0.03846153846153846 0.03846153846153846 0.03846153846153846 0.03846153846153846 0.03846153846153846 0.03846153846153846 0.03846153846153846 0.03846153846153846 0.03846153846153846


# name: pdf
# type: matrix
# rows: 1
# columns: 26
 1.140285090880436e-07 1.587629429769919e-07 2.346306864125014e-07 3.740467637925874e-07 6.564554170414922e-07 1.294792433913314e-06 2.9136369229074e-06 7.503695487748028e-06 2.182983099092563e-05 6.962585997948134e-05 0.0002331542881836475 0.0007796365753685175 0.002476700191963868 0.007154359013415105 0.01815594236964435 0.03951002334551859 0.07265877937430448 0.1121865675401427 0.1454290956560886 0.1590518130218556 0.1480075803027221 0.1184860663802639 0.0826421389932583 0.05091524208551676 0.02810576775917036 0.01410242736244874


# name: mode
# type: scalar
1.9


# name: mean
# type: scalar
1.91554063106088


# name: sd
# type: scalar
0.2481985252704241


# name: modeUniformPrior
# type: scalar
1.9


# name: meanUniformPrior
# type: scalar
1.915540631060881


# name: sdUniformPrior
# type: scalar
0.2481985252704241


# name: response
# type: matrix
# rows: 1
# columns: 32
 1 0 0 1 1 0 0 1 1 0 0 0 1 0 0 1 0 1 1 1 1 1 1 1 1 1 1 1 1 1 1 1


# name: stopCriterion
# type: sq_string
# elements: 1
# length: 6
trials


# name: stopRule
# type: scalar
32


# name: stop
# type: scalar
1


# name: PF
# type: function handle
# octaveroot: /usr
# path: /home/exp/sc/palamedes1_5_0/Palamedes/PAL_Gumbel.m
PAL_Gumbel


# name: beta
# type: scalar
0.5


# name: gamma
# type: scalar
0.1666666666666667


# name: lambda
# type: scalar
0.05


# name: xMin
# type: scalar
0


# name: xMax
# type: scalar
2.5


# name: direction
# type: scalar
-1


# name: reversal
# type: matrix
# rows: 1
# columns: 32
 0 1 0 2 0 3 0 4 0 5 0 0 6 7 0 8 9 10 0 0 0 0 0 0 0 0 0 0 0 0 0 0


# name: meanmode
# type: sq_string
# elements: 1
# length: 4
mean


# name: xCurrent
# type: scalar
1.91554063106088


# name: x
# type: matrix
# rows: 1
# columns: 32
 2.5 1.186099546478885 0.720598124474582 2.5 2.5 1.665492869130863 1.899766218995654 2.5 2.021327374725982 1.963050384125017 1.669157842413198 1.796757960989992 2.202479975292842 2.172435315201585 1.971543942689705 2.27506005607502 2.009033556538214 2.28977361119339 2.271387885996795 2.251527563443694 1.960347312100756 1.908374716905633 2.176015676206917 1.799401279781353 2.5 2.5 2.075288591538961 2.045508512956919 2.015186734865744 2.5 2.5 1.945511376804723


# name: xStaircase
# type: matrix
# rows: 1
# columns: 33
 2.5 1.186099546478885 1.610299062237291 1.774454931280591 1.718727617746912 1.665492869130863 1.899766218995654 2.05769738469972 2.021327374725982 1.963050384125017 2.084578921206599 2.148378980494996 2.202479975292842 2.172435315201585 2.235771971344852 2.27506005607502 2.254516778269107 2.28977361119339 2.271387885996795 2.251527563443694 2.230173656050378 2.204187358452816 2.176015676206917 2.149700639890677 2.11779515425745 2.096503009466134 2.075288591538961 2.045508512956919 2.015186734865744 1.984536373518146 1.964699371588611 1.945511376804723 1.91554063106088


# name: stimulus
# type: sq_string
# elements: 1
# length: 4
kiwi


# name: thc_type
# type: matrix
# rows: 1
# columns: 32
 2 0.5 0 2 2 1 0.5 2 1 0.5 0 0 1 1 0 1 0 1 1 0.5 0 0 1 0 2 2 0.5 0.5 0.5 2 2 0.5


# name: run
# type: matrix
# rows: 1
# columns: 32
 1 1 1 1 1 1 1 1 1 1 1 1 1 1 1 1 1 1 1 1 1 1 1 1 1 1 1 1 1 1 1 1


# name: noise_variance
# type: matrix
# rows: 1
# columns: 32
 0 1.313900453521115 1.779401875525418 0 0 0.8345071308691372 0.6002337810043457 0 0.4786726252740179 0.5369496158749829 0.8308421575868019 0.703242039010008 0.2975200247071577 0.3275646847984155 0.5284560573102954 0.2249399439249795 0.4909664434617858 0.21022638880661 0.2286121140032051 0.2484724365563058 0.5396526878992445 0.5916252830943671 0.3239843237930833 0.7005987202186468 0 0 0.4247114084610395 0.4544914870430814 0.4848132651342558 0 0 0.5544886231952768


# name: response_obj
# type: matrix
# rows: 1
# columns: 32
 1 0 0 1 1 0 0 1 1 0 0 0 1 0 0 1 0 1 1 1 1 1 1 1 1 1 1 1 1 1 1 1


# name: response_obj_rt
# type: matrix
# rows: 1
# columns: 32
 1565.459966659546 756.6390037536621 614.8529052734375 1289.880990982056 769.1590785980225 458.590030670166 469.5618152618408 1202.144861221313 535.5350971221924 1095.920085906982 567.5578117370605 594.4161415100098 714.5841121673584 1479.37798500061 1094.228982925415 2270.203113555908 2164.993047714233 312.312126159668 252.1159648895264 2034.173011779785 658.6689949035645 255.295991897583 452.4548053741455 0.6830692291259766 1208.591222763062 459.8648548126221 385.0021362304688 448.4188556671143 311.8240833282471 598.2308387756348 816.5469169616699 300.9159564971924


# name: response_suj
# type: matrix
# rows: 1
# columns: 32
 1 0 0 1 1 0 0 1 1 0 0 0 1 1 1 1 1 1 1 1 1 1 1 1 1 1 1 1 1 1 1 1


# name: response_suj_rt
# type: matrix
# rows: 1
# columns: 32
 982.7299118041992 1108.192920684814 572.2391605377197 1027.993202209473 460.0050449371338 642.3859596252441 827.6219367980957 923.4688282012939 829.617977142334 598.6719131469727 749.4428157806396 811.7470741271973 525.9008407592773 781.8288803100586 566.5919780731201 1648.964166641235 749.8440742492676 481.5909862518311 476.2880802154541 717.703104019165 516.4880752563477 425.2269268035889 526.296854019165 611.3498210906982 1117.161989212036 1148.30207824707 616.7318820953369 422.1270084381104 488.1370067596436 771.1870670318604 559.0739250183105 723.9351272583008




# name: <cell-element>
# type: scalar struct
# ndims: 2
 1 1
# length: 33
# name: priorAlphaRange
# type: range
# base, limit, increment
0 2.5 0.1


# name: prior
# type: matrix
# rows: 1
# columns: 26
 0.03846153846153846 0.03846153846153846 0.03846153846153846 0.03846153846153846 0.03846153846153846 0.03846153846153846 0.03846153846153846 0.03846153846153846 0.03846153846153846 0.03846153846153846 0.03846153846153846 0.03846153846153846 0.03846153846153846 0.03846153846153846 0.03846153846153846 0.03846153846153846 0.03846153846153846 0.03846153846153846 0.03846153846153846 0.03846153846153846 0.03846153846153846 0.03846153846153846 0.03846153846153846 0.03846153846153846 0.03846153846153846 0.03846153846153846


# name: pdf
# type: matrix
# rows: 1
# columns: 26
 8.623604051812591e-09 1.137721382327072e-08 1.690472029162063e-08 2.895904714791591e-08 5.824414543296726e-08 1.386877428262554e-07 3.887847449910496e-07 1.256310007396277e-06 4.520638184315018e-06 1.734832839211955e-05 6.7791317264606e-05 0.0002580115606511148 0.0009195268179027694 0.002969546756260024 0.008463951702716077 0.02086360129157322 0.04383770781483937 0.07783863142470251 0.1164494636554949 0.1470930531040922 0.1578711711838638 0.1453466455021704 0.1161488793934038 0.08163559450051286 0.05117944304907355 0.02903320406767629


# name: mode
# type: scalar
2


# name: mean
# type: scalar
1.99970604469095


# name: sd
# type: scalar
0.2442464125384077


# name: modeUniformPrior
# type: scalar
2


# name: meanUniformPrior
# type: scalar
1.99970604469095


# name: sdUniformPrior
# type: scalar
0.2442464125384076


# name: response
# type: matrix
# rows: 1
# columns: 32
 0 1 0 0 0 1 1 0 0 1 1 1 0 1 1 1 0 1 0 1 1 0 1 1 0 1 1 1 1 1 1 1


# name: stopCriterion
# type: sq_string
# elements: 1
# length: 6
trials


# name: stopRule
# type: scalar
32


