# Created by Octave 3.8.1, Tue Mar 18 14:48:08 2014 UTC <exp@verleihnix>
# name: PMs
# type: cell
# rows: 6
# columns: 6
# name: <cell-element>
# type: scalar struct
# ndims: 2
 1 1
# length: 33
# name: priorAlphaRange
# type: range
# base, limit, increment
0 2.5 0.1


# name: prior
# type: matrix
# rows: 1
# columns: 26
 0.03846153846153846 0.03846153846153846 0.03846153846153846 0.03846153846153846 0.03846153846153846 0.03846153846153846 0.03846153846153846 0.03846153846153846 0.03846153846153846 0.03846153846153846 0.03846153846153846 0.03846153846153846 0.03846153846153846 0.03846153846153846 0.03846153846153846 0.03846153846153846 0.03846153846153846 0.03846153846153846 0.03846153846153846 0.03846153846153846 0.03846153846153846 0.03846153846153846 0.03846153846153846 0.03846153846153846 0.03846153846153846 0.03846153846153846


# name: pdf
# type: matrix
# rows: 1
# columns: 26
 2.168808094523499e-15 4.036150831460988e-15 9.591425026703267e-15 2.984955059016671e-14 1.226586588187775e-13 6.593680263419982e-13 4.51508650499325e-12 3.770158838622492e-11 3.618676733651415e-10 3.72295353184959e-09 3.817307704679092e-08 3.647984856202083e-07 3.075760926242416e-06 2.198173883660883e-05 0.0001297766645318208 0.0006243367693184505 0.002437072952975593 0.007738904810299339 0.02014163291144802 0.04342940671549191 0.0785840517759052 0.1210249121936612 0.1609899052220661 0.1877425944430143 0.1947781827012041 0.1823537582408929


# name: mode
# type: scalar
2.4


# name: mean
# type: scalar
2.257635381632385


# name: sd
# type: scalar
0.1935611333249999


# name: modeUniformPrior
# type: scalar
2.4


# name: meanUniformPrior
# type: scalar
2.257635381632385


# name: sdUniformPrior
# type: scalar
0.1935611333249999


# name: response
# type: matrix
# rows: 1
# columns: 32
 1 1 1 1 0 0 1 0 1 1 1 0 0 0 1 0 0 1 0 1 0 0 1 0 1 0 0 1 0 0 1 0


# name: stopCriterion
# type: sq_string
# elements: 1
# length: 6
trials


# name: stopRule
# type: scalar
32


# name: stop
# type: scalar
1


# name: PF
# type: function handle
# octaveroot: /usr
# path: /home/exp/sc/palamedes1_5_0/Palamedes/PAL_Gumbel.m
PAL_Gumbel


# name: beta
# type: scalar
0.5


# name: gamma
# type: scalar
0.1666666666666667


# name: lambda
# type: scalar
0.05


# name: xMin
# type: scalar
0


# name: xMax
# type: scalar
2.5


# name: direction
# type: scalar
1


# name: reversal
# type: matrix
# rows: 1
# columns: 32
 0 0 0 0 1 0 2 3 4 0 0 5 0 0 6 7 0 8 9 10 11 0 12 13 14 15 0 16 17 0 18 19


# name: meanmode
# type: sq_string
# elements: 1
# length: 4
mean


# name: xCurrent
# type: scalar
2.257635381632385


# name: x
# type: matrix
# rows: 1
# columns: 32
 1.91554063106088 1.623310946591321 2.5 2.5 1.331081262121761 1.91554063106088 2.5 1.623310946591321 1.91554063106088 2.5 1.623310946591321 1.91554063106088 1.331081262121761 1.623310946591321 2.5 1.331081262121761 1.623310946591321 2.5 1.91554063106088 1.623310946591321 1.623310946591321 1.623310946591321 1.331081262121761 1.331081262121761 2.5 1.331081262121761 1.91554063106088 1.331081262121761 1.91554063106088 1.91554063106088 2.5 1.331081262121761


# name: xStaircase
# type: matrix
# rows: 1
# columns: 33
 1.91554063106088 1.10983729366331 0.9559906390484935 0.91971249773829 0.8885671489571041 1.322925851065279 1.712109172885739 1.663649015606821 1.876350557970468 1.801420192297166 1.761939212484241 1.67396947734079 1.864347809250694 1.944401619431736 2.025323868365528 1.995443143169628 2.044929329608228 2.100867679355553 2.075071864493361 2.138284431000886 2.10031372649539 2.142978169959092 2.179441050361502 2.146887995100686 2.172764714115462 2.152119289621081 2.17651916847058 2.216252047392465 2.189280022652963 2.226224448847365 2.257632934571574 2.242022684759139 2.257635381632385


# name: stimulus
# type: sq_string
# elements: 1
# length: 4
kiwi


# name: thc_type
# type: matrix
# rows: 1
# columns: 32
 1 0.5 2 2 0 1 2 0.5 1 2 0.5 1 0 0.5 2 0 0.5 2 1 0.5 0.5 0.5 0 0 2 0 1 0 1 1 2 0


# name: run
# type: matrix
# rows: 1
# columns: 32
 2 2 2 2 2 2 2 2 2 2 2 2 2 2 2 2 2 2 2 2 2 2 2 2 2 2 2 2 2 2 2 2


# name: noise_variance
# type: matrix
# rows: 1
# columns: 32
 0.5844593689391195 0.8766890534086793 0 0 1.168918737878239 0.5844593689391195 0 0.8766890534086793 0.5844593689391195 0 0.8766890534086793 0.5844593689391195 1.168918737878239 0.8766890534086793 0 1.168918737878239 0.8766890534086793 0 0.5844593689391195 0.8766890534086793 0.8766890534086793 0.8766890534086793 1.168918737878239 1.168918737878239 0 1.168918737878239 0.5844593689391195 1.168918737878239 0.5844593689391195 0.5844593689391195 0 1.168918737878239


# name: response_obj
# type: matrix
# rows: 1
# columns: 32
 1 1 1 1 0 0 1 0 1 1 1 0 0 0 1 0 0 1 0 1 0 0 1 0 1 0 0 1 0 0 1 0


# name: response_obj_rt
# type: matrix
# rows: 1
# columns: 32
 580.0418853759766 474.4818210601807 243.8650131225586 273.05006980896 266.7169570922852 439.3930435180664 336.3509178161621 0.5130767822265625 731.2569618225098 224.5020866394043 429.9609661102295 122.5619316101074 470.4959392547607 776.7369747161865 682.9960346221924 181.0770034790039 904.6378135681152 421.5500354766846 1550.665140151978 425.9190559387207 400.93994140625 369.4019317626953 439.0039443969727 358.7839603424072 733.2048416137695 428.7030696868896 799.9718189239502 1249.080896377563 2241.466999053955 292.3929691314697 623.5179901123047 71.09498977661133


# name: response_suj
# type: matrix
# rows: 1
# columns: 32
 1 0 1 1 0 0 1 0 1 1 1 0 0 0 1 0 1 1 1 0 0 0 0 0 1 0 1 0 1 0 1 0


# name: response_suj_rt
# type: matrix
# rows: 1
# columns: 32
 626.1610984802246 523.6549377441406 846.9400405883789 698.4269618988037 369.1041469573975 475.2669334411621 596.3900089263916 522.468090057373 414.1027927398682 502.432107925415 430.1841259002686 590.5659198760986 579.2391300201416 553.8551807403564 549.6909618377686 472.4209308624268 431.6918849945068 437.4618530273438 318.073034286499 601.4261245727539 741.5199279785156 615.2651309967041 582.0410251617432 423.2580661773682 436.4800453186035 493.8600063323975 440.5319690704346 550.8499145507812 503.3111572265625 617.9831027984619 849.3530750274658 726.94993019104




# name: <cell-element>
# type: scalar struct
# ndims: 2
 1 1
# length: 33
# name: priorAlphaRange
# type: range
# base, limit, increment
0 2.5 0.1


# name: prior
# type: matrix
# rows: 1
# columns: 26
 0.03846153846153846 0.03846153846153846 0.03846153846153846 0.03846153846153846 0.03846153846153846 0.03846153846153846 0.03846153846153846 0.03846153846153846 0.03846153846153846 0.03846153846153846 0.03846153846153846 0.03846153846153846 0.03846153846153846 0.03846153846153846 0.03846153846153846 0.03846153846153846 0.03846153846153846 0.03846153846153846 0.03846153846153846 0.03846153846153846 0.03846153846153846 0.03846153846153846 0.03846153846153846 0.03846153846153846 0.03846153846153846 0.03846153846153846


# name: pdf
# type: matrix
# rows: 1
# columns: 26
 1.321357242485547e-15 1.90654422185254e-15 3.390787556364397e-15 7.841027522505393e-15 2.448553832231105e-14 1.047552572318434e-13 6.067531826466078e-13 4.585504978613956e-12 4.266593355318424e-11 4.542311041699767e-10 5.105901380410605e-09 5.603844241197604e-08 5.609698178691039e-07 4.856539931241379e-06 3.503501081101932e-05 0.0002058913706440208 0.0009751362346417605 0.003715657251999088 0.01144547673629566 0.02876770950906682 0.0597297548732528 0.1039041478230562 0.1537497688804502 0.1965602721828044 0.2205085435577602 0.220397127412892


# name: mode
# type: scalar
2.4


# name: mean
# type: scalar
2.291711942231165


# name: sd
# type: scalar
0.1773895451148021


# name: modeUniformPrior
# type: scalar
2.4


# name: meanUniformPrior
# type: scalar
2.291711942231164


# name: sdUniformPrior
# type: scalar
0.1773895451148021


# name: response
# type: matrix
# rows: 1
# columns: 32
 1 0 1 0 0 1 0 0 0 0 1 1 1 1 1 0 0 0 1 0 1 0 1 0 0 1 1 1 0 0 0 1


# name: stopCriterion
# type: sq_string
# elements: 1
# length: 6
trials


