# Created by Octave 3.6.4, Sun Mar 09 16:13:50 2014 CET <exp@Einzelzelle>
# name: PMs
# type: cell
# rows: 6
# columns: 6
# name: <cell-element>
# type: scalar struct
# ndims: 2
 1 1
# length: 33
# name: priorAlphaRange
# type: range
# base, limit, increment
0 2.5 0.1


# name: prior
# type: matrix
# rows: 1
# columns: 26
 0.03846153846153846 0.03846153846153846 0.03846153846153846 0.03846153846153846 0.03846153846153846 0.03846153846153846 0.03846153846153846 0.03846153846153846 0.03846153846153846 0.03846153846153846 0.03846153846153846 0.03846153846153846 0.03846153846153846 0.03846153846153846 0.03846153846153846 0.03846153846153846 0.03846153846153846 0.03846153846153846 0.03846153846153846 0.03846153846153846 0.03846153846153846 0.03846153846153846 0.03846153846153846 0.03846153846153846 0.03846153846153846 0.03846153846153846


# name: pdf
# type: matrix
# rows: 1
# columns: 26
 2.824427921103399e-08 2.882433847767853e-08 3.018895963215332e-08 3.320143909421518e-08 3.966772616600637e-08 5.377694393604288e-08 8.667933506046349e-08 1.726657026064885e-07 4.328529493102314e-07 1.350533712054528e-06 5.034396347655475e-06 2.10505349946381e-05 9.176833274896383e-05 0.0003884708494432082 0.001503049593895253 0.005076743083198163 0.01451192108333178 0.03448507133576448 0.06762808509603722 0.1095212869676672 0.147410195326333 0.166617623592362 0.1602210103849701 0.1330010848347987 0.09678876882535824 0.06272657912736393


# name: mode
# type: scalar
2.1


# name: mean
# type: scalar
2.114244808995613


# name: sd
# type: scalar
0.2224225475618488


# name: modeUniformPrior
# type: scalar
2.1


# name: meanUniformPrior
# type: scalar
2.114244808995613


# name: sdUniformPrior
# type: scalar
0.2224225475618488


# name: response
# type: matrix
# rows: 1
# columns: 32
 0 0 0 0 0 1 0 1 1 1 1 1 1 0 1 1 1 1 0 1 1 1 0 0 1 1 1 1 1 1 0 1


# name: stopCriterion
# type: sq_string
# elements: 1
# length: 6
trials


# name: stopRule
# type: scalar
32


# name: stop
# type: scalar
1


# name: PF
# type: function handle
# octaveroot: /usr
# path: /home/exp/sc/palamedes1_5_0/Palamedes/PAL_Gumbel.m
PAL_Gumbel


# name: beta
# type: scalar
0.5


# name: gamma
# type: scalar
0.1666666666666667


# name: lambda
# type: scalar
0.05


# name: xMin
# type: scalar
0


# name: xMax
# type: scalar
2.5


# name: direction
# type: scalar
-1


# name: reversal
# type: matrix
# rows: 1
# columns: 32
 0 0 0 0 0 1 2 3 0 0 0 0 0 4 5 0 0 0 6 7 0 0 8 0 9 0 0 0 0 0 10 11


# name: meanmode
# type: sq_string
# elements: 1
# length: 4
mean


# name: xCurrent
# type: scalar
2.114244808995613


# name: x
# type: matrix
# rows: 1
# columns: 32
 2.049129050569662 1.898838734092882 2.049129050569662 2.049129050569662 2.199419367046441 2.5 1.898838734092882 2.5 2.049129050569662 2.199419367046441 2.049129050569662 2.5 2.199419367046441 2.049129050569662 1.898838734092882 2.5 2.199419367046441 2.5 1.898838734092882 2.199419367046441 1.898838734092882 2.199419367046441 2.199419367046441 1.898838734092882 2.5 2.049129050569662 2.049129050569662 2.5 2.199419367046441 2.5 1.898838734092882 1.898838734092882


# name: xStaircase
# type: matrix
# rows: 1
# columns: 33
 2.049129050569662 1.80712867082788 2.089130205982046 2.213839244026978 2.278314788006105 2.324041585152264 2.308684101778962 2.335572059531039 2.321873477930553 2.302258479841544 2.281914350178832 2.257880367771748 2.23852194305182 2.212637543748987 2.259534391256584 2.233563113476741 2.213975662885006 2.188116483011677 2.166856722144622 2.210999931250299 2.186482590760537 2.157017288925569 2.130219955472936 2.189430225807293 2.225885893412244 2.208674183777105 2.184752443535871 2.159849398111941 2.141257343716125 2.1173706022885 2.098656514111394 2.140263536589336 2.114244808995613


# name: stimulus
# type: sq_string
# elements: 1
# length: 4
fish


# name: thc_type
# type: matrix
# rows: 1
# columns: 32
 0.5 0 0.5 0.5 1 2 0 2 0.5 1 0.5 2 1 0.5 0 2 1 2 0 1 0 1 1 0 2 0.5 0.5 2 1 2 0 0


# name: run
# type: matrix
# rows: 1
# columns: 32
 2 2 2 2 2 2 2 2 2 2 2 2 2 2 2 2 2 2 2 2 2 2 2 2 2 2 2 2 2 2 2 2


# name: noise_variance
# type: matrix
# rows: 1
# columns: 32
 0.4508709494303385 0.6011612659071179 0.4508709494303385 0.4508709494303385 0.300580632953559 0 0.6011612659071179 0 0.4508709494303385 0.300580632953559 0.4508709494303385 0 0.300580632953559 0.4508709494303385 0.6011612659071179 0 0.300580632953559 0 0.6011612659071179 0.300580632953559 0.6011612659071179 0.300580632953559 0.300580632953559 0.6011612659071179 0 0.4508709494303385 0.4508709494303385 0 0.300580632953559 0 0.6011612659071179 0.6011612659071179


# name: response_obj
# type: matrix
# rows: 1
# columns: 32
 0 0 0 0 0 1 0 1 1 1 1 1 1 0 1 1 1 1 0 1 1 1 0 0 1 1 1 1 1 1 0 1


# name: response_obj_rt
# type: matrix
# rows: 1
# columns: 32
 2284.594058990479 122.0080852508545 237.2031211853027 969.0840244293213 1483.60800743103 289.1190052032471 1161.072969436646 421.3919639587402 162.3909473419189 312.09397315979 260.0150108337402 87.4781608581543 127.7651786804199 1076.696872711182 225.8269786834717 226.1209487915039 271.5940475463867 306.847095489502 150.93994140625 237.3111248016357 231.6019535064697 283.2508087158203 168.2591438293457 139.2960548400879 294.5928573608398 340.8470153808594 404.2680263519287 265.995979309082 202.5110721588135 185.3718757629395 548.126220703125 323.7838745117188


# name: response_suj
# type: matrix
# rows: 1
# columns: 32
 0 0 1 1 0 1 1 1 1 1 1 1 1 0 1 1 1 1 0 1 1 1 1 0 1 1 1 1 1 1 0 1


# name: response_suj_rt
# type: matrix
# rows: 1
# columns: 32
 265.671968460083 403.8729667663574 133.4459781646729 109.6408367156982 334.6641063690186 322.9761123657227 277.3909568786621 274.4638919830322 242.8410053253174 116.5189743041992 162.1301174163818 185.2610111236572 151.0131359100342 237.2040748596191 219.4828987121582 173.0940341949463 168.302059173584 196.5928077697754 357.7408790588379 127.4650096893311 139.4948959350586 294.6231365203857 289.301872253418 173.7658977508545 103.8079261779785 144.5260047912598 110.7349395751953 216.7661190032959 213.3541107177734 231.348991394043 346.2140560150146 473.2251167297363




# name: <cell-element>
# type: scalar struct
# ndims: 2
 1 1
# length: 33
# name: priorAlphaRange
# type: range
# base, limit, increment
0 2.5 0.1


# name: prior
# type: matrix
# rows: 1
# columns: 26
 0.03846153846153846 0.03846153846153846 0.03846153846153846 0.03846153846153846 0.03846153846153846 0.03846153846153846 0.03846153846153846 0.03846153846153846 0.03846153846153846 0.03846153846153846 0.03846153846153846 0.03846153846153846 0.03846153846153846 0.03846153846153846 0.03846153846153846 0.03846153846153846 0.03846153846153846 0.03846153846153846 0.03846153846153846 0.03846153846153846 0.03846153846153846 0.03846153846153846 0.03846153846153846 0.03846153846153846 0.03846153846153846 0.03846153846153846


# name: pdf
# type: matrix
# rows: 1
# columns: 26
 1.14208387959648e-09 4.187266321551832e-09 1.806637413544482e-08 8.790902256140155e-08 4.586606129767855e-07 2.436496408385565e-06 1.25551552217806e-05 6.015518752385123e-05 0.0002589032071918064 0.0009754739317172676 0.003162363071483343 0.008735051949911983 0.02047837916173895 0.04077071107449806 0.06919316538274022 0.1007120997864888 0.1266996428263749 0.1390137094553374 0.1343515672525784 0.1155930574725522 0.08951826397056667 0.06310497476367048 0.04095241928862881 0.02473934975893525 0.01406343931999986 0.007601711521071587


# name: mode
# type: scalar
1.7


# name: mean
# type: scalar
1.751233303613565


# name: sd
# type: scalar
0.2849036690580983


# name: modeUniformPrior
# type: scalar
1.7


# name: meanUniformPrior
# type: scalar
1.751233303613565


# name: sdUniformPrior
# type: scalar
0.2849036690580983


# name: response
# type: matrix
# rows: 1
# columns: 32
 0 0 1 1 1 1 1 1 0 1 0 1 1 0 1 0 1 0 1 0 0 1 1 1 0 0 1 1 0 0 1 1


# name: stopCriterion
# type: sq_string
# elements: 1
# length: 6
trials


# name: stopRule
# type: scalar
32


