# Created by Octave 3.6.4, Sun Mar 09 15:41:32 2014 CET <exp@Einzelzelle>
# name: PMs
# type: cell
# rows: 6
# columns: 6
# name: <cell-element>
# type: scalar struct
# ndims: 2
 1 1
# length: 33
# name: priorAlphaRange
# type: range
# base, limit, increment
0 2.5 0.1


# name: prior
# type: matrix
# rows: 1
# columns: 26
 0.03846153846153846 0.03846153846153846 0.03846153846153846 0.03846153846153846 0.03846153846153846 0.03846153846153846 0.03846153846153846 0.03846153846153846 0.03846153846153846 0.03846153846153846 0.03846153846153846 0.03846153846153846 0.03846153846153846 0.03846153846153846 0.03846153846153846 0.03846153846153846 0.03846153846153846 0.03846153846153846 0.03846153846153846 0.03846153846153846 0.03846153846153846 0.03846153846153846 0.03846153846153846 0.03846153846153846 0.03846153846153846 0.03846153846153846


# name: pdf
# type: matrix
# rows: 1
# columns: 26
 1.761219078974347e-11 2.772681045499943e-11 4.696457015285964e-11 8.661040951541793e-11 1.772958097238848e-10 4.141286795548319e-10 1.138664158817046e-09 3.776848794335079e-09 1.520631485003118e-08 7.286335251066473e-08 3.971687992914207e-07 2.313639083086663e-06 1.345543039871588e-05 7.333996992959563e-05 0.0003557921652824199 0.001479447712917935 0.005146442017999292 0.01478462465372091 0.03493614857333993 0.06808542637222481 0.1102467813375356 0.1499158076535174 0.1734050666067092 0.1730328616704493 0.1511646257375149 0.1173573755350589


# name: mode
# type: scalar
2.2


# name: mean
# type: scalar
2.199419367046441


# name: sd
# type: scalar
0.206259914932766


# name: modeUniformPrior
# type: scalar
2.2


# name: meanUniformPrior
# type: scalar
2.199419367046441


# name: sdUniformPrior
# type: scalar
0.206259914932766


# name: response
# type: matrix
# rows: 1
# columns: 32
 0 1 0 0 0 0 1 1 1 1 0 0 1 0 0 1 1 0 1 1 1 1 0 1 1 1 0 0 0 1 1 1


# name: stopCriterion
# type: sq_string
# elements: 1
# length: 6
trials


# name: stopRule
# type: scalar
32


# name: stop
# type: scalar
1


# name: PF
# type: function handle
# octaveroot: /usr
# path: /home/exp/sc/palamedes1_5_0/Palamedes/PAL_Gumbel.m
PAL_Gumbel


# name: beta
# type: scalar
0.5


# name: gamma
# type: scalar
0.1666666666666667


# name: lambda
# type: scalar
0.05


# name: xMin
# type: scalar
0


# name: xMax
# type: scalar
2.5


# name: direction
# type: scalar
-1


# name: reversal
# type: matrix
# rows: 1
# columns: 32
 0 1 2 0 0 0 3 0 0 0 4 0 5 6 0 7 0 8 9 0 0 0 10 11 0 0 12 0 0 13 0 0


# name: meanmode
# type: sq_string
# elements: 1
# length: 4
mean


# name: xCurrent
# type: scalar
2.199419367046441


# name: x
# type: matrix
# rows: 1
# columns: 32
 1.77635683940025e-15 2.5 1.34295869131226 0.9566650035944759 1.259187838140379 2.001401055610668 2.139815299549213 2.5 2.5 2.021535583438678 1.96389000640458 2.083789360593356 2.172826243474443 2.138620867051424 1.921327308598069 2.254037420270262 2.5 1.921709504049357 2.251074540580442 2.5 2.209891220029238 2.5 1.829012515091988 2.204060448677255 2.180118054773607 2.5 2.134901899687882 1.875009413628817 1.943582016472419 2.253327314050902 2.234990038797068 2.5


# name: xStaircase
# type: matrix
# rows: 1
# columns: 33
 1.77635683940025e-15 1.409007421593816 1.34295869131226 1.728332501797238 1.87959391907019 2.001401055610668 2.139815299549213 2.093047008654042 2.057662842139655 2.021535583438678 1.96389000640458 2.083789360593356 2.172826243474443 2.138620867051424 2.210663654299034 2.254037420270262 2.230957283805485 2.210854752024678 2.251074540580442 2.229002147415768 2.209891220029238 2.185009282493288 2.164506257545994 2.204060448677255 2.180118054773607 2.154914388452097 2.134901899687882 2.187504706814408 2.22179100823621 2.253327314050902 2.234990038797068 2.215700823995228 2.199419367046441


# name: stimulus
# type: sq_string
# elements: 1
# length: 4
fish


# name: thc_type
# type: matrix
# rows: 1
# columns: 32
 0 2 0.5 0 0 0.5 0.5 2 2 1 1 0.5 1 0.5 0 0.5 2 0 0.5 2 1 2 0 1 1 2 1 0 0 1 0.5 2


# name: run
# type: matrix
# rows: 1
# columns: 32
 1 1 1 1 1 1 1 1 1 1 1 1 1 1 1 1 1 1 1 1 1 1 1 1 1 1 1 1 1 1 1 1


# name: noise_variance
# type: matrix
# rows: 1
# columns: 32
 2.499999999999998 0 1.15704130868774 1.543334996405524 1.240812161859621 0.4985989443893324 0.3601847004507865 0 0 0.4784644165613217 0.5361099935954201 0.4162106394066436 0.327173756525557 0.3613791329485765 0.5786726914019313 0.2459625797297376 0 0.5782904959506432 0.2489254594195582 0 0.2901087799707618 0 0.6709874849080117 0.295939551322745 0.3198819452263932 0 0.3650981003121179 0.6249905863711831 0.5564179835275809 0.2466726859490982 0.2650099612029324 0


# name: response_obj
# type: matrix
# rows: 1
# columns: 32
 0 1 0 0 0 0 1 1 1 1 0 0 1 0 0 1 1 0 1 1 1 1 0 1 1 1 0 0 0 1 1 1


# name: response_obj_rt
# type: matrix
# rows: 1
# columns: 32
 1863.296031951904 1213.972091674805 898.4079360961914 786.4968776702881 1139.76788520813 866.7259216308594 1289.571046829224 789.0298366546631 1024.648904800415 645.9259986877441 127.3519992828369 1064.132928848267 1059.060096740723 840.2261734008789 688.0838871002197 875.2040863037109 532.7908992767334 782.9971313476562 340.3041362762451 340.3940200805664 312.3080730438232 427.0949363708496 570.9719657897949 582.1318626403809 484.4810962677002 472.8899002075195 576.2119293212891 375.316858291626 451.0431289672852 363.3661270141602 443.587064743042 305.6039810180664


# name: response_suj
# type: matrix
# rows: 1
# columns: 32
 0 1 0 0 0 0 1 1 1 1 0 0 0 0 0 1 1 0 1 1 1 1 0 0 1 1 0 0 0 1 1 1


# name: response_suj_rt
# type: matrix
# rows: 1
# columns: 32
 733.6869239807129 403.7530422210693 518.3310508728027 511.2709999084473 975.4860401153564 875.5278587341309 443.6140060424805 380.608081817627 323.1270313262939 640.376091003418 731.4708232879639 460.6180191040039 541.9578552246094 593.2190418243408 512.800931930542 231.8260669708252 340.1470184326172 461.3549709320068 386.8718147277832 528.8779735565186 196.526050567627 352.114200592041 242.3930168151855 374.8822212219238 553.6758899688721 231.0910224914551 271.4109420776367 403.8839340209961 489.1300201416016 431.4048290252686 595.9610939025879 173.6071109771729




# name: <cell-element>
# type: scalar struct
# ndims: 2
 1 1
# length: 33
# name: priorAlphaRange
# type: range
# base, limit, increment
0 2.5 0.1


# name: prior
# type: matrix
# rows: 1
# columns: 26
 0.03846153846153846 0.03846153846153846 0.03846153846153846 0.03846153846153846 0.03846153846153846 0.03846153846153846 0.03846153846153846 0.03846153846153846 0.03846153846153846 0.03846153846153846 0.03846153846153846 0.03846153846153846 0.03846153846153846 0.03846153846153846 0.03846153846153846 0.03846153846153846 0.03846153846153846 0.03846153846153846 0.03846153846153846 0.03846153846153846 0.03846153846153846 0.03846153846153846 0.03846153846153846 0.03846153846153846 0.03846153846153846 0.03846153846153846


# name: pdf
# type: matrix
# rows: 1
# columns: 26
 1.405422473874658e-08 4.790713517288659e-08 1.760487582802965e-07 6.840002080686414e-07 2.760457311628171e-06 1.133527678882218e-05 4.611453955202584e-05 0.0001800571538813665 0.0006529177731239053 0.002134579674864516 0.00614580927998259 0.01532952901818826 0.03279980174616403 0.05993348156246432 0.09350410748889525 0.1249329916938109 0.1437533603966999 0.1435163615047783 0.1254356844104675 0.09695199294600976 0.06699395719787087 0.04186104358399498 0.02393031067856172 0.01266308347255311 0.006274962680682308 0.002944835453027778


# name: mode
# type: scalar
1.6


# name: mean
# type: scalar
1.671257089228081


# name: sd
# type: scalar
0.2754225198275939


# name: modeUniformPrior
# type: scalar
1.6


# name: meanUniformPrior
# type: scalar
1.671257089228081


# name: sdUniformPrior
# type: scalar
0.2754225198275939


# name: response
# type: matrix
# rows: 1
# columns: 32
 1 0 0 0 1 1 0 1 1 1 0 1 0 1 1 0 1 1 1 0 1 1 1 0 0 1 0 1 1 0 1 1


# name: stopCriterion
# type: sq_string
# elements: 1
# length: 6
trials


