# Created by Octave 3.6.4, Sun Mar 09 14:50:35 2014 CET <exp@Einzelzelle>
# name: PMs
# type: cell
# rows: 6
# columns: 6
# name: <cell-element>
# type: scalar struct
# ndims: 2
 1 1
# length: 33
# name: priorAlphaRange
# type: range
# base, limit, increment
0 2.5 0.1


# name: prior
# type: matrix
# rows: 1
# columns: 26
 0.03846153846153846 0.03846153846153846 0.03846153846153846 0.03846153846153846 0.03846153846153846 0.03846153846153846 0.03846153846153846 0.03846153846153846 0.03846153846153846 0.03846153846153846 0.03846153846153846 0.03846153846153846 0.03846153846153846 0.03846153846153846 0.03846153846153846 0.03846153846153846 0.03846153846153846 0.03846153846153846 0.03846153846153846 0.03846153846153846 0.03846153846153846 0.03846153846153846 0.03846153846153846 0.03846153846153846 0.03846153846153846 0.03846153846153846


# name: pdf
# type: matrix
# rows: 1
# columns: 26
 4.932757358491981e-11 6.220645759895211e-11 8.844880835431514e-11 1.47044710033212e-10 2.956021242599626e-10 7.357345121060981e-10 2.284626768664212e-09 8.756255486869205e-09 4.025718671439327e-08 2.124454302538523e-07 1.216639385053565e-06 7.102555181105434e-06 3.973253313633428e-05 0.0002017023002430589 0.0008902245544964149 0.003314975697707935 0.01022810487283777 0.02593565104248267 0.05402409694681161 0.09292666627335754 0.1332234848033015 0.1611086955612668 0.1666166617162476 0.1495449405606845 0.1182658942309338 0.08367058459006275


# name: mode
# type: scalar
2.2


# name: mean
# type: scalar
2.149097402836326


# name: sd
# type: scalar
0.2183728072654691


# name: modeUniformPrior
# type: scalar
2.2


# name: meanUniformPrior
# type: scalar
2.149097402836326


# name: sdUniformPrior
# type: scalar
0.218372807265469


# name: response
# type: matrix
# rows: 1
# columns: 32
 0 0 0 1 0 0 1 1 1 1 1 0 0 1 1 1 0 1 1 1 0 1 0 1 1 1 0 1 1 0 1 0


# name: stopCriterion
# type: sq_string
# elements: 1
# length: 6
trials


# name: stopRule
# type: scalar
32


# name: stop
# type: scalar
1


# name: PF
# type: function handle
# octaveroot: /usr
# path: /home/exp/sc/palamedes1_5_0/Palamedes/PAL_Gumbel.m
PAL_Gumbel


# name: beta
# type: scalar
0.5


# name: gamma
# type: scalar
0.1666666666666667


# name: lambda
# type: scalar
0.05


# name: xMin
# type: scalar
0


# name: xMax
# type: scalar
2.5


# name: direction
# type: scalar
1


# name: reversal
# type: matrix
# rows: 1
# columns: 32
 0 0 0 1 2 0 3 0 0 0 0 4 0 5 0 0 6 7 0 0 8 9 10 11 0 0 12 13 0 14 15 16


# name: meanmode
# type: sq_string
# elements: 1
# length: 4
mean


# name: xCurrent
# type: scalar
2.149097402836326


# name: x
# type: matrix
# rows: 1
# columns: 32
 1.250000000000001 1.690097790025086 1.978764206990401 1.784554999183361 1.661009362680124 1.831939168359637 2.5 2.205218105167715 2.171548741594398 2.134323741597784 2.093528980675505 1.59857316873144 2.11241603413445 2.189357219033704 2.158721430328135 2.5 1.700430217360624 2.5 2.5 1.705556415669767 1.627510420955086 2.109758801368396 2.078242621560597 2.5 2.5 2.5 1.657124059063977 2.117373753997664 2.090235930926558 2.062440635871942 2.5 2.098776723122395


# name: xStaircase
# type: matrix
# rows: 1
# columns: 33
 1.250000000000001 1.690097790025086 1.978764206990401 2.14227749959168 2.080504681340062 2.165969584179818 2.229739405505925 2.205218105167715 2.171548741594398 2.134323741597784 2.093528980675505 2.04928658436572 2.11241603413445 2.189357219033704 2.158721430328135 2.125763250907812 2.100215108680312 2.149981560571218 2.126524067984829 2.102778207834883 2.063755210477543 2.109758801368396 2.078242621560597 2.141877784784028 2.120791426217316 2.099641727047821 2.078562029531989 2.117373753997664 2.090235930926558 2.062440635871942 2.117656511143069 2.098776723122395 2.149097402836326


# name: stimulus
# type: sq_string
# elements: 1
# length: 4
pear


# name: thc_type
# type: matrix
# rows: 1
# columns: 32
 0.5 1 1 0 0 0 2 1 1 0.5 0.5 0 1 0.5 0.5 2 0 2 2 0 0 1 0.5 2 2 2 0 0.5 1 0.5 2 1


# name: run
# type: matrix
# rows: 1
# columns: 32
 1 1 1 1 1 1 1 1 1 1 1 1 1 1 1 1 1 1 1 1 1 1 1 1 1 1 1 1 1 1 1 1


# name: noise_variance
# type: matrix
# rows: 1
# columns: 32
 1.249999999999999 0.8099022099749138 0.5212357930095994 0.7154450008166391 0.8389906373198759 0.6680608316403633 0 0.2947818948322847 0.3284512584056021 0.3656762584022157 0.4064710193244951 0.9014268312685605 0.38758396586555 0.3106427809662957 0.3412785696718652 0 0.7995697826393764 0 0 0.7944435843302333 0.8724895790449141 0.3902411986316037 0.4217573784394033 0 0 0 0.8428759409360227 0.382626246002336 0.4097640690734417 0.4375593641280582 0 0.4012232768776047


# name: response_obj
# type: matrix
# rows: 1
# columns: 32
 0 0 0 1 0 0 1 1 1 1 1 0 0 1 1 1 0 1 1 1 0 1 0 1 1 1 0 1 1 0 1 0


# name: response_obj_rt
# type: matrix
# rows: 1
# columns: 32
 1841.731071472168 2809.195995330811 47.04594612121582 639.5339965820312 1986.670970916748 150.6261825561523 773.1609344482422 898.568868637085 754.2212009429932 289.2448902130127 663.1200313568115 1255.122900009155 449.23996925354 1066.16997718811 1248.641014099121 541.8689250946045 906.7509174346924 374.8669624328613 812.4959468841553 800.9030818939209 944.5171356201172 1402.623176574707 426.7029762268066 306.2350749969482 150.6600379943848 300.7941246032715 1989.214897155762 662.8589630126953 777.5521278381348 1566.029787063599 352.031946182251 438.215970993042


# name: response_suj
# type: matrix
# rows: 1
# columns: 32
 0 0 0 0 0 0 1 1 1 1 1 0 1 1 1 1 0 1 1 1 0 1 0 1 1 1 1 1 1 1 1 0


# name: response_suj_rt
# type: matrix
# rows: 1
# columns: 32
 1047.104120254517 2162.14394569397 753.0298233032227 502.0301342010498 782.5691699981689 501.4150142669678 397.7069854736328 329.3650150299072 398.0350494384766 395.9379196166992 409.398078918457 438.460111618042 342.7209854125977 403.0678272247314 454.9491405487061 352.7469635009766 265.40207862854 357.5508594512939 259.6819400787354 259.9020004272461 242.6290512084961 0.7810592651367188 489.7909164428711 340.095043182373 345.6380367279053 375.5619525909424 87.3570442199707 250.0638961791992 223.5980033874512 483.9599132537842 311.3789558410645 456.0539722442627




# name: <cell-element>
# type: scalar struct
# ndims: 2
 1 1
# length: 33
# name: priorAlphaRange
# type: range
# base, limit, increment
0 2.5 0.1


# name: prior
# type: matrix
# rows: 1
# columns: 26
 0.03846153846153846 0.03846153846153846 0.03846153846153846 0.03846153846153846 0.03846153846153846 0.03846153846153846 0.03846153846153846 0.03846153846153846 0.03846153846153846 0.03846153846153846 0.03846153846153846 0.03846153846153846 0.03846153846153846 0.03846153846153846 0.03846153846153846 0.03846153846153846 0.03846153846153846 0.03846153846153846 0.03846153846153846 0.03846153846153846 0.03846153846153846 0.03846153846153846 0.03846153846153846 0.03846153846153846 0.03846153846153846 0.03846153846153846


# name: pdf
# type: matrix
# rows: 1
# columns: 26
 2.467977361776342e-09 5.737063978315383e-09 1.485043981452934e-08 4.313661885436139e-08 1.401898310877092e-07 5.024214195252528e-07 1.936168126516701e-06 7.756029343147849e-06 3.107329523795663e-05 0.0001198290573934413 0.0004302555261927381 0.001402068301212257 0.004072928337633211 0.01042022308265126 0.02327867373950837 0.04511936710697936 0.07553797239024963 0.1090276430378237 0.1358212646471909 0.1466573346409839 0.1382275274343053 0.1147741016233215 0.0848664977885613 0.05654407625867092 0.03436653371127552 0.01929222901998855


# name: mode
# type: scalar
1.9


# name: mean
# type: scalar
1.915098701482505


# name: sd
# type: scalar
0.2658756098979389


# name: modeUniformPrior
# type: scalar
1.9


# name: meanUniformPrior
# type: scalar
1.915098701482505


# name: sdUniformPrior
# type: scalar
0.2658756098979388


# name: response
# type: matrix
# rows: 1
# columns: 32
 0 1 0 1 1 0 1 1 0 0 0 1 1 1 0 1 1 0 0 0 0 1 1 1 1 1 1 0 0 1 1 1


# name: stopCriterion
# type: sq_string
# elements: 1
# length: 6
trials


