# Created by Octave 3.6.4, Sun Mar 09 15:24:37 2014 CET <exp@Einzelzelle>
# name: PMs
# type: cell
# rows: 6
# columns: 6
# name: <cell-element>
# type: scalar struct
# ndims: 2
 1 1
# length: 33
# name: priorAlphaRange
# type: range
# base, limit, increment
0 2.5 0.1


# name: prior
# type: matrix
# rows: 1
# columns: 26
 0.03846153846153846 0.03846153846153846 0.03846153846153846 0.03846153846153846 0.03846153846153846 0.03846153846153846 0.03846153846153846 0.03846153846153846 0.03846153846153846 0.03846153846153846 0.03846153846153846 0.03846153846153846 0.03846153846153846 0.03846153846153846 0.03846153846153846 0.03846153846153846 0.03846153846153846 0.03846153846153846 0.03846153846153846 0.03846153846153846 0.03846153846153846 0.03846153846153846 0.03846153846153846 0.03846153846153846 0.03846153846153846 0.03846153846153846


# name: pdf
# type: matrix
# rows: 1
# columns: 26
 1.606474886274581e-08 1.682011644385401e-08 1.848898145067318e-08 2.207449466124836e-08 2.990702232458071e-08 4.82065537447569e-08 9.619908522146291e-08 2.42374210600261e-07 7.636995502506222e-07 2.892521829136733e-06 1.237305048040636e-05 5.557513772197874e-05 0.0002440833974386934 0.0009860730772970699 0.003496354393862403 0.01053483285058819 0.02645716303239489 0.05489345870199848 0.09401655942147771 0.1335961821319658 0.1589620669101637 0.1602984693863657 0.1389023815917882 0.1049765772030238 0.07026488938078637 0.04229881397605396


# name: mode
# type: scalar
2.1


# name: mean
# type: scalar
2.057026885594835


# name: sd
# type: scalar
0.232458553343748


# name: modeUniformPrior
# type: scalar
2.1


# name: meanUniformPrior
# type: scalar
2.057026885594835


# name: sdUniformPrior
# type: scalar
0.232458553343748


# name: response
# type: matrix
# rows: 1
# columns: 32
 0 1 0 1 1 1 1 1 1 0 0 0 1 1 1 0 1 0 1 1 1 1 1 1 0 1 1 1 0 0 0 1


# name: stopCriterion
# type: sq_string
# elements: 1
# length: 6
trials


# name: stopRule
# type: scalar
32


# name: stop
# type: scalar
1


# name: PF
# type: function handle
# octaveroot: /usr
# path: /home/exp/sc/palamedes1_5_0/Palamedes/PAL_Gumbel.m
PAL_Gumbel


# name: beta
# type: scalar
0.5


# name: gamma
# type: scalar
0.1666666666666667


# name: lambda
# type: scalar
0.05


# name: xMin
# type: scalar
0


# name: xMax
# type: scalar
2.5


# name: direction
# type: scalar
-1


# name: reversal
# type: matrix
# rows: 1
# columns: 32
 0 1 2 3 0 0 0 0 0 4 0 0 5 0 0 6 7 8 9 0 0 0 0 0 10 11 0 0 12 0 0 13


# name: meanmode
# type: sq_string
# elements: 1
# length: 4
mean


# name: xCurrent
# type: scalar
2.057026885594835


# name: x
# type: matrix
# rows: 1
# columns: 32
 2.149097402836326 2.5 1.798194805672653 2.5 2.5 2.149097402836326 2.149097402836326 1.798194805672653 1.798194805672653 1.973646104254489 1.973646104254489 1.973646104254489 2.149097402836326 2.5 2.149097402836326 1.973646104254489 2.149097402836326 1.798194805672653 2.5 1.973646104254489 2.149097402836326 2.5 2.149097402836326 2.5 1.798194805672653 1.798194805672653 1.973646104254489 1.973646104254489 1.973646104254489 1.798194805672653 1.798194805672653 2.5


# name: xStaircase
# type: matrix
# rows: 1
# columns: 33
 2.149097402836326 1.805120825839854 1.73491189728737 2.043435759098277 1.997696473929376 1.950524696029482 1.877312296180262 1.801163371367006 1.694476496946113 1.584176700531973 1.869976981903907 2.027802317166626 2.123860438046968 2.08617991504869 2.057828929007923 2.018047445514499 2.101331262353106 2.066596515041657 2.124624938463985 2.10115826326757 2.065940924499338 2.03331664328897 2.009687827762819 1.97735545315796 1.954762475129436 2.014948307529166 1.979440784965671 1.946627956847376 1.914340642458835 1.981487370143098 2.031346712677326 2.075703208381729 2.057026885594835


# name: stimulus
# type: sq_string
# elements: 1
# length: 4
pear


# name: thc_type
# type: matrix
# rows: 1
# columns: 32
 1 2 0 2 2 1 1 0 0 0.5 0.5 0.5 1 2 1 0.5 1 0 2 0.5 1 2 1 2 0 0 0.5 0.5 0.5 0 0 2


# name: run
# type: matrix
# rows: 1
# columns: 32
 2 2 2 2 2 2 2 2 2 2 2 2 2 2 2 2 2 2 2 2 2 2 2 2 2 2 2 2 2 2 2 2


# name: noise_variance
# type: matrix
# rows: 1
# columns: 32
 0.3509025971636737 0 0.7018051943273473 0 0 0.3509025971636737 0.3509025971636737 0.7018051943273473 0.7018051943273473 0.5263538957455105 0.5263538957455105 0.5263538957455105 0.3509025971636737 0 0.3509025971636737 0.5263538957455105 0.3509025971636737 0.7018051943273473 0 0.5263538957455105 0.3509025971636737 0 0.3509025971636737 0 0.7018051943273473 0.7018051943273473 0.5263538957455105 0.5263538957455105 0.5263538957455105 0.7018051943273473 0.7018051943273473 0


# name: response_obj
# type: matrix
# rows: 1
# columns: 32
 0 1 0 1 1 1 1 1 1 0 0 0 1 1 1 0 1 0 1 1 1 1 1 1 0 1 1 1 0 0 0 1


# name: response_obj_rt
# type: matrix
# rows: 1
# columns: 32
 495.4650402069092 438.3029937744141 1462.023019790649 323.5430717468262 2197.609186172485 426.6469478607178 480.8440208435059 875.4689693450928 605.5788993835449 1128.533840179443 1760.232925415039 52.89816856384277 288.9728546142578 288.8689041137695 260.4191303253174 709.2809677124023 300.4851341247559 261.0750198364258 236.3309860229492 237.4498844146729 248.6748695373535 237.0190620422363 576.6589641571045 225.4021167755127 248.5201358795166 970.0369834899902 306.4360618591309 369.3971633911133 662.8479957580566 346.444845199585 0.7970333099365234 0.78582763671875


# name: response_suj
# type: matrix
# rows: 1
# columns: 32
 0 1 0 1 0 1 1 1 1 1 0 0 1 1 1 1 1 0 1 1 1 1 1 1 0 1 1 1 0 1 0 1


# name: response_suj_rt
# type: matrix
# rows: 1
# columns: 32
 708.1620693206787 282.7157974243164 133.4168910980225 398.0300426483154 795.5029010772705 321.6691017150879 420.7150936126709 110.3789806365967 81.54797554016113 208.2171440124512 253.054141998291 369.0230846405029 194.1170692443848 288.809061050415 299.7341156005859 225.8749008178711 426.5999794006348 210.8640670776367 369.56787109375 254.0891170501709 242.6149845123291 156.5079689025879 438.5519027709961 254.4820308685303 127.7740001678467 334.9330425262451 329.4229507446289 156.4669609069824 75.94180107116699 121.9539642333984 254.4069290161133 81.63595199584961




# name: <cell-element>
# type: scalar struct
# ndims: 2
 1 1
# length: 33
# name: priorAlphaRange
# type: range
# base, limit, increment
0 2.5 0.1


# name: prior
# type: matrix
# rows: 1
# columns: 26
 0.03846153846153846 0.03846153846153846 0.03846153846153846 0.03846153846153846 0.03846153846153846 0.03846153846153846 0.03846153846153846 0.03846153846153846 0.03846153846153846 0.03846153846153846 0.03846153846153846 0.03846153846153846 0.03846153846153846 0.03846153846153846 0.03846153846153846 0.03846153846153846 0.03846153846153846 0.03846153846153846 0.03846153846153846 0.03846153846153846 0.03846153846153846 0.03846153846153846 0.03846153846153846 0.03846153846153846 0.03846153846153846 0.03846153846153846


# name: pdf
# type: matrix
# rows: 1
# columns: 26
 1.053795707296917e-09 1.77496493709009e-09 3.657190945445246e-09 9.349206687675965e-09 2.948950579034214e-08 1.118907955243026e-07 4.896035572439743e-07 2.342274477689173e-06 1.156035648782834e-05 5.562762636750581e-05 0.0002482038675610093 0.0009859660411684294 0.003384015604006159 0.009839241362659621 0.02397407962273673 0.04877088085576112 0.08298130374244457 0.1187767929940765 0.1442875561908291 0.150380393478295 0.1361277699834866 0.1084425977941764 0.07706331968639474 0.04952608347198719 0.02917661013014585 0.01596500809792112


# name: mode
# type: scalar
1.9


# name: mean
# type: scalar
1.898467607740301


# name: sd
# type: scalar
0.2591595841098693


# name: modeUniformPrior
# type: scalar
1.9


# name: meanUniformPrior
# type: scalar
1.898467607740301


# name: sdUniformPrior
# type: scalar
0.2591595841098693


# name: response
# type: matrix
# rows: 1
# columns: 32
 1 1 0 1 1 1 1 1 1 1 1 0 1 0 1 1 0 0 0 1 1 0 0 1 1 1 0 1 0 0 0 1


# name: stopCriterion
# type: sq_string
# elements: 1
# length: 6
trials


