# Created by Octave 3.6.4, Fri Mar 21 20:23:06 2014 CET <exp@Einzelzelle>
# name: PMs
# type: cell
# rows: 6
# columns: 6
# name: <cell-element>
# type: scalar struct
# ndims: 2
 1 1
# length: 33
# name: priorAlphaRange
# type: range
# base, limit, increment
0 2.5 0.1


# name: prior
# type: matrix
# rows: 1
# columns: 26
 0.03846153846153846 0.03846153846153846 0.03846153846153846 0.03846153846153846 0.03846153846153846 0.03846153846153846 0.03846153846153846 0.03846153846153846 0.03846153846153846 0.03846153846153846 0.03846153846153846 0.03846153846153846 0.03846153846153846 0.03846153846153846 0.03846153846153846 0.03846153846153846 0.03846153846153846 0.03846153846153846 0.03846153846153846 0.03846153846153846 0.03846153846153846 0.03846153846153846 0.03846153846153846 0.03846153846153846 0.03846153846153846 0.03846153846153846


# name: pdf
# type: matrix
# rows: 1
# columns: 26
 9.858029194925309e-13 1.064481595820924e-12 1.236822315517713e-12 1.617647700530117e-12 2.515771695876155e-12 4.921234127501502e-12 1.267308922616341e-11 4.39694843611057e-11 2.041382499506799e-10 1.220870214157934e-09 8.818945977050922e-09 7.096751047721132e-08 5.844200546521828e-07 4.557011436636381e-06 3.158884212036699e-05 0.0001859589788042821 0.0009028757480946163 0.003560229513524101 0.01134822417744446 0.02933111484383737 0.06199948349036311 0.1084864978833262 0.1594152278011116 0.1998143489681444 0.2171054340259141 0.2078137930153748


# name: mode
# type: scalar
2.4


# name: mean
# type: scalar
2.286677430072251


# name: sd
# type: scalar
0.1767025525392676


# name: modeUniformPrior
# type: scalar
2.4


# name: meanUniformPrior
# type: scalar
2.286677430072252


# name: sdUniformPrior
# type: scalar
0.1767025525392676


# name: response
# type: matrix
# rows: 1
# columns: 32
 0 1 0 1 1 0 1 0 0 1 1 0 1 1 1 1 0 1 1 0 1 0 0 0 0 0 1 1 1 0 0 1


# name: stopCriterion
# type: sq_string
# elements: 1
# length: 6
trials


# name: stopRule
# type: scalar
32


# name: stop
# type: scalar
1


# name: PF
# type: function handle
# octaveroot: /usr
# path: /home/exp/sc/palamedes1_5_0/Palamedes/PAL_Gumbel.m
PAL_Gumbel


# name: beta
# type: scalar
0.5


# name: gamma
# type: scalar
0.1666666666666667


# name: lambda
# type: scalar
0.05


# name: xMin
# type: scalar
0


# name: xMax
# type: scalar
2.5


# name: direction
# type: scalar
-1


# name: reversal
# type: matrix
# rows: 1
# columns: 32
 0 1 2 3 0 4 5 6 0 7 0 8 9 0 0 0 10 11 0 12 13 14 0 0 0 0 15 0 0 16 0 17


# name: meanmode
# type: sq_string
# elements: 1
# length: 4
mean


# name: xCurrent
# type: scalar
2.286677430072251


# name: x
# type: matrix
# rows: 1
# columns: 32
 1.934576578195482 2.5 1.746102104260642 2.5 2.5 2.123051052130321 1.934576578195482 1.746102104260642 1.934576578195482 2.5 1.746102104260642 2.123051052130321 2.5 1.934576578195482 2.123051052130321 1.746102104260642 2.123051052130321 2.123051052130321 2.123051052130321 1.746102104260642 1.934576578195482 1.746102104260642 1.934576578195482 2.123051052130321 1.934576578195482 1.746102104260642 2.5 1.934576578195482 2.5 1.746102104260642 2.123051052130321 2.5


# name: xStaircase
# type: matrix
# rows: 1
# columns: 33
 1.934576578195482 1.803452557435185 1.737219333399108 2.020261548254977 1.974492288073033 1.927860157264088 2.107794074193579 2.051118048562283 2.141463435257771 2.209747051638448 2.185773878487982 2.145748335050953 2.216067465197029 2.194011810124175 2.160171289463157 2.127007654191548 2.086015591060467 2.161080502629065 2.130195347002918 2.098058828545349 2.14599427778682 2.113408295502871 2.156850943875809 2.200962196952607 2.244554699440692 2.274462980988742 2.295509481941562 2.281943999520563 2.262677405990716 2.247732364437526 2.270406895153903 2.299308153220231 2.286677430072251


# name: stimulus
# type: sq_string
# elements: 1
# length: 4
pear


# name: thc_type
# type: matrix
# rows: 1
# columns: 32
 0.5 2 0 2 2 1 0.5 0 0.5 2 0 1 2 0.5 1 0 1 1 1 0 0.5 0 0.5 1 0.5 0 2 0.5 2 0 1 2


# name: run
# type: matrix
# rows: 1
# columns: 32
 2 2 2 2 2 2 2 2 2 2 2 2 2 2 2 2 2 2 2 2 2 2 2 2 2 2 2 2 2 2 2 2


# name: noise_variance
# type: matrix
# rows: 1
# columns: 32
 0.5654234218045182 0 0.7538978957393576 0 0 0.3769489478696788 0.5654234218045182 0.7538978957393576 0.5654234218045182 0 0.7538978957393576 0.3769489478696788 0 0.5654234218045182 0.3769489478696788 0.7538978957393576 0.3769489478696788 0.3769489478696788 0.3769489478696788 0.7538978957393576 0.5654234218045182 0.7538978957393576 0.5654234218045182 0.3769489478696788 0.5654234218045182 0.7538978957393576 0 0.5654234218045182 0 0.7538978957393576 0.3769489478696788 0


# name: response_obj
# type: matrix
# rows: 1
# columns: 32
 0 1 0 1 1 0 1 0 0 1 1 0 1 1 1 1 0 1 1 0 1 0 0 0 0 0 1 1 1 0 0 1


# name: response_obj_rt
# type: matrix
# rows: 1
# columns: 32
 1317.203998565674 957.5040340423584 2537.484884262085 1035.085916519165 213.84596824646 957.8499794006348 403.8610458374023 369.1558837890625 339.9999141693115 306.0598373413086 386.2240314483643 708.31298828125 477.6837825775146 1092.735052108765 478.0089855194092 1698.18115234375 1727.592945098877 404.3779373168945 339.9689197540283 995.1760768890381 432.0709705352783 319.4448947906494 403.4640789031982 293.6429977416992 259.7219944000244 334.6908092498779 874.8011589050293 1161.6370677948 806.2560558319092 179.7301769256592 1405.615091323853 469.1081047058105


# name: response_suj
# type: matrix
# rows: 1
# columns: 32
 0 1 0 1 1 1 1 1 1 1 1 1 1 1 1 0 1 1 1 0 1 1 1 1 1 1 1 1 1 1 0 1


# name: response_suj_rt
# type: matrix
# rows: 1
# columns: 32
 449.1431713104248 374.7498989105225 1564.274787902832 277.1060466766357 162.0559692382812 288.7070178985596 202.5370597839355 564.4750595092773 334.7649574279785 329.3521404266357 253.8409233093262 233.3760261535645 351.6647815704346 196.5219974517822 41.2449836730957 340.0580883026123 202.3649215698242 253.9150714874268 202.2881507873535 538.1488800048828 41.58997535705566 248.1670379638672 196.4840888977051 294.7461605072021 438.209056854248 408.8780879974365 245.3980445861816 139.0352249145508 265.765905380249 403.7950038909912 265.430212020874 127.5200843811035




# name: <cell-element>
# type: scalar struct
# ndims: 2
 1 1
# length: 33
# name: priorAlphaRange
# type: range
# base, limit, increment
0 2.5 0.1


# name: prior
# type: matrix
# rows: 1
# columns: 26
 0.03846153846153846 0.03846153846153846 0.03846153846153846 0.03846153846153846 0.03846153846153846 0.03846153846153846 0.03846153846153846 0.03846153846153846 0.03846153846153846 0.03846153846153846 0.03846153846153846 0.03846153846153846 0.03846153846153846 0.03846153846153846 0.03846153846153846 0.03846153846153846 0.03846153846153846 0.03846153846153846 0.03846153846153846 0.03846153846153846 0.03846153846153846 0.03846153846153846 0.03846153846153846 0.03846153846153846 0.03846153846153846 0.03846153846153846


# name: pdf
# type: matrix
# rows: 1
# columns: 26
 4.634276397340419e-17 3.460627840670259e-16 3.145472738413785e-15 3.372692756299124e-14 4.098606246636001e-13 5.366830323502439e-12 7.141403418707379e-11 9.097134559420828e-10 1.052024814252291e-08 1.059616896130398e-07 9.034479718748086e-07 6.411544048294169e-06 3.758080454408886e-05 0.0001817264722707175 0.0007274301439612985 0.002425900959990525 0.006797091309280967 0.01615762900736248 0.03293430973165495 0.05820746856853001 0.09022566641338983 0.1240775869223908 0.1531131658716738 0.1714444564417335 0.1760774964553103 0.1675850584370073


# name: mode
# type: scalar
2.4


# name: mean
# type: scalar
2.226900036518871


# name: sd
# type: scalar
0.2163543366309089


# name: modeUniformPrior
# type: scalar
2.4


# name: meanUniformPrior
# type: scalar
2.226900036518872


# name: sdUniformPrior
# type: scalar
0.2163543366309089


# name: response
# type: matrix
# rows: 1
# columns: 32
 0 0 0 0 0 0 1 0 0 0 1 0 0 0 1 1 1 1 0 0 0 0 1 1 0 1 1 1 0 0 0 1


# name: stopCriterion
# type: sq_string
# elements: 1
# length: 6
trials


