# Created by Octave 3.6.4, Fri Mar 21 19:45:15 2014 CET <exp@Einzelzelle>
# name: PMs
# type: cell
# rows: 6
# columns: 6
# name: <cell-element>
# type: scalar struct
# ndims: 2
 1 1
# length: 33
# name: priorAlphaRange
# type: range
# base, limit, increment
0 2.5 0.1


# name: prior
# type: matrix
# rows: 1
# columns: 26
 0.03846153846153846 0.03846153846153846 0.03846153846153846 0.03846153846153846 0.03846153846153846 0.03846153846153846 0.03846153846153846 0.03846153846153846 0.03846153846153846 0.03846153846153846 0.03846153846153846 0.03846153846153846 0.03846153846153846 0.03846153846153846 0.03846153846153846 0.03846153846153846 0.03846153846153846 0.03846153846153846 0.03846153846153846 0.03846153846153846 0.03846153846153846 0.03846153846153846 0.03846153846153846 0.03846153846153846 0.03846153846153846 0.03846153846153846


# name: pdf
# type: matrix
# rows: 1
# columns: 26
 1.627658171762006e-12 2.954063034154162e-12 6.602315023562397e-12 1.844148397157756e-11 6.429923024475851e-11 2.751023900393449e-10 1.401256703100315e-09 8.169326848421112e-09 5.210767867436257e-08 3.462641827444099e-07 2.278241907210365e-06 1.412019623542295e-05 7.882009623589589e-05 0.000382004966076698 0.001564970338853247 0.005328173839859089 0.01495076395089282 0.03452846497174532 0.06589690434761575 0.1047563267761165 0.1402101128024917 0.1600009848333795 0.1578216649450018 0.1364985923287255 0.1050283128397757 0.07293709621361572


# name: mode
# type: scalar
2.1


# name: mean
# type: scalar
2.123051052130321


# name: sd
# type: scalar
0.226771698134809


# name: modeUniformPrior
# type: scalar
2.1


# name: meanUniformPrior
# type: scalar
2.123051052130321


# name: sdUniformPrior
# type: scalar
0.226771698134809


# name: response
# type: matrix
# rows: 1
# columns: 32
 0 1 0 0 0 1 1 1 1 1 1 1 1 1 0 0 1 0 0 1 1 0 0 0 1 1 1 1 0 0 1 0


# name: stopCriterion
# type: sq_string
# elements: 1
# length: 6
trials


# name: stopRule
# type: scalar
32


# name: stop
# type: scalar
1


# name: PF
# type: function handle
# octaveroot: /usr
# path: /home/exp/sc/palamedes1_5_0/Palamedes/PAL_Gumbel.m
PAL_Gumbel


# name: beta
# type: scalar
0.5


# name: gamma
# type: scalar
0.1666666666666667


# name: lambda
# type: scalar
0.05


# name: xMin
# type: scalar
0


# name: xMax
# type: scalar
2.5


# name: direction
# type: scalar
1


# name: reversal
# type: matrix
# rows: 1
# columns: 32
 0 1 2 0 0 3 0 0 0 0 0 0 0 0 4 0 5 6 0 7 0 8 0 0 9 0 0 0 10 0 11 12


# name: meanmode
# type: sq_string
# elements: 1
# length: 4
mean


# name: xCurrent
# type: scalar
2.123051052130321


# name: x
# type: matrix
# rows: 1
# columns: 32
 1.250000000000001 2.5 1.625964261443079 1.920022544014471 2.095935121582504 2.203640338213137 2.5 2.137892852229414 2.09457721795095 2.5 2.5 1.97888052539318 1.923419968321747 2.5 1.164343754420873 1.298393031977809 1.959861275516639 1.325446737233805 1.967766062044067 2.5 2.027561075509746 1.479662740998284 1.573403898998125 1.663371589472058 2.124534624621243 2.095375890900417 2.065251789449935 2.5 1.526237897554896 1.602853811873588 2.5 2.069168174558837


# name: xStaircase
# type: matrix
# rows: 1
# columns: 33
 1.250000000000001 1.690097790025086 1.625964261443079 1.920022544014471 2.095935121582504 2.203640338213137 2.167608840808159 2.137892852229414 2.09457721795095 2.046820785611438 2.012879787720187 1.97888052539318 1.923419968321747 1.864802679625155 1.832171877210436 1.899196515988905 1.959861275516639 1.912723368616903 1.967766062044067 2.052991182504401 2.027561075509746 1.989831370499142 2.036701949499062 2.081685794736029 2.124534624621243 2.095375890900417 2.065251789449935 2.034390118408058 2.013118948777448 2.051426905936794 2.088917132945531 2.069168174558837 2.123051052130321


# name: stimulus
# type: sq_string
# elements: 1
# length: 4
pear


# name: thc_type
# type: matrix
# rows: 1
# columns: 32
 1 2 0.5 1 1 0.5 2 0.5 1 2 2 0.5 1 2 0 0 0.5 0 1 2 0.5 0 0 0 0.5 1 0.5 2 0 0 2 1


# name: run
# type: matrix
# rows: 1
# columns: 32
 1 1 1 1 1 1 1 1 1 1 1 1 1 1 1 1 1 1 1 1 1 1 1 1 1 1 1 1 1 1 1 1


# name: noise_variance
# type: matrix
# rows: 1
# columns: 32
 1.249999999999999 0 0.8740357385569206 0.5799774559855286 0.4040648784174961 0.2963596617868633 0 0.3621071477705864 0.4054227820490501 0 0 0.5211194746068197 0.5765800316782532 0 1.335656245579127 1.201606968022191 0.5401387244833611 1.174553262766195 0.5322339379559331 0 0.4724389244902545 1.020337259001716 0.9265961010018753 0.8366284105279416 0.3754653753787571 0.4046241090995828 0.4347482105500653 0 0.9737621024451037 0.8971461881264116 0 0.4308318254411629


# name: response_obj
# type: matrix
# rows: 1
# columns: 32
 0 1 0 0 0 1 1 1 1 1 1 1 1 1 0 0 1 0 0 1 1 0 0 0 1 1 1 1 0 0 1 0


# name: response_obj_rt
# type: matrix
# rows: 1
# columns: 32
 5301.044940948486 1082.303047180176 1264.416933059692 1710.973024368286 471.6589450836182 1298.886060714722 517.3580646514893 540.4658317565918 362.6341819763184 1422.016859054565 944.6389675140381 640.449047088623 1253.077030181885 916.4130687713623 1969.166040420532 1918.915987014771 414.6900177001953 1716.888904571533 3474.054098129272 405.6510925292969 1786.954879760742 828.0560970306396 947.46994972229 718.3029651641846 379.8749446868896 2734.522104263306 1817.096948623657 1173.815965652466 403.4979343414307 460.2370262145996 1169.062852859497 471.5409278869629


# name: response_suj
# type: matrix
# rows: 1
# columns: 32
 0 1 1 0 0 1 1 1 1 1 1 1 1 1 1 1 1 1 0 1 1 0 0 0 1 1 1 1 1 1 1 1


# name: response_suj_rt
# type: matrix
# rows: 1
# columns: 32
 2358.541011810303 500.9691715240479 618.6871528625488 976.9911766052246 871.2608814239502 529.3409824371338 471.776008605957 414.3898487091064 547.5399494171143 420.8250045776367 409.3079566955566 317.317008972168 270.827054977417 322.343111038208 557.7430725097656 254.5211315155029 346.0121154785156 666.4118766784668 986.0019683837891 351.8900871276855 317.2669410705566 1120.209932327271 938.9119148254395 1000.339984893799 564.0640258789062 432.0659637451172 673.0859279632568 282.5338840484619 673.6428737640381 534.8389148712158 667.6750183105469 529.8779010772705




# name: <cell-element>
# type: scalar struct
# ndims: 2
 1 1
# length: 33
# name: priorAlphaRange
# type: range
# base, limit, increment
0 2.5 0.1


# name: prior
# type: matrix
# rows: 1
# columns: 26
 0.03846153846153846 0.03846153846153846 0.03846153846153846 0.03846153846153846 0.03846153846153846 0.03846153846153846 0.03846153846153846 0.03846153846153846 0.03846153846153846 0.03846153846153846 0.03846153846153846 0.03846153846153846 0.03846153846153846 0.03846153846153846 0.03846153846153846 0.03846153846153846 0.03846153846153846 0.03846153846153846 0.03846153846153846 0.03846153846153846 0.03846153846153846 0.03846153846153846 0.03846153846153846 0.03846153846153846 0.03846153846153846 0.03846153846153846


# name: pdf
# type: matrix
# rows: 1
# columns: 26
 3.449350710784496e-07 9.698018418093176e-07 2.885335404322064e-06 9.001524147830218e-06 2.906398605024157e-05 9.526485744027586e-05 0.0003089521595363837 0.0009622535724385109 0.002792729763203793 0.007352197866477784 0.01718578576213554 0.03513445169434628 0.06224706950402926 0.09516919275246828 0.1255323360107081 0.1432609872288728 0.1421967188995243 0.1236328188327663 0.09497069423499979 0.06508329109218491 0.0402100700150053 0.02264514787534578 0.01175709310460243 0.005691712185986702 0.002598241391478081 0.001130725613933986


# name: mode
# type: scalar
1.5


# name: mean
# type: scalar
1.562949742835339


# name: sd
# type: scalar
0.278968812184688


# name: modeUniformPrior
# type: scalar
1.5


# name: meanUniformPrior
# type: scalar
1.562949742835339


# name: sdUniformPrior
# type: scalar
0.2789688121846881


# name: response
# type: matrix
# rows: 1
# columns: 32
 0 1 0 1 1 1 0 1 1 0 1 0 1 0 1 1 1 1 1 1 0 1 1 1 1 1 1 0 1 0 0 0


# name: stopCriterion
# type: sq_string
# elements: 1
# length: 6
trials


# name: stopRule
# type: scalar
32


